300 9460
0 1 100
0 59 17
0 118 39
0 154 47
0 166 24
0 188 18
0 230 14
0 239 45
0 274 32
1 2 100
1 4 12
1 38 6
1 41 40
1 42 30
1 47 20
1 148 48
1 153 42
1 183 15
1 191 26
1 299 11
2 3 100
2 6 23
2 11 22
2 18 12
2 25 10
2 104 4
2 105 40
2 161 19
2 198 44
2 200 27
2 216 14
2 228 26
2 230 20
2 231 26
2 255 14
2 267 14
2 275 4
2 279 46
2 284 26
2 291 45
3 4 100
3 68 44
3 105 34
3 119 40
3 131 46
3 132 44
3 191 18
3 197 43
3 206 9
3 248 17
3 286 29
4 5 100
4 64 47
4 67 10
4 82 28
4 84 39
4 92 22
4 124 9
4 129 31
4 264 32
4 272 6
4 273 24
4 276 8
5 6 100
5 15 26
5 20 11
5 22 47
5 28 7
5 37 39
5 45 36
5 47 49
5 49 37
5 52 12
5 88 12
5 138 41
5 148 38
5 156 4
5 171 38
5 175 12
5 191 38
5 196 48
5 205 19
5 224 19
5 239 36
5 295 46
6 1 46
6 7 100
6 48 20
6 91 49
6 107 28
6 159 38
6 173 23
6 178 9
6 188 2
6 206 5
6 223 45
6 224 41
6 249 48
6 261 4
6 263 37
6 266 7
6 273 41
6 277 43
6 295 33
6 299 3
7 8 100
7 22 32
7 49 41
7 67 32
7 84 27
7 98 12
7 100 42
7 130 1
7 141 30
7 153 48
7 188 12
7 194 13
7 210 16
7 215 6
7 266 4
7 283 23
8 9 100
8 12 21
8 26 13
8 28 6
8 54 31
8 55 30
8 60 46
8 70 34
8 77 27
8 91 35
8 98 37
8 108 29
8 144 24
8 179 41
8 188 36
8 191 18
8 205 33
8 208 34
8 263 34
9 10 100
9 36 34
9 56 22
9 98 10
9 115 38
9 199 15
9 229 35
9 232 15
9 238 27
9 248 17
9 258 10
9 282 45
9 287 46
9 295 1
10 11 100
10 41 30
10 53 11
10 82 43
10 87 9
10 100 20
10 108 16
10 147 23
10 149 6
10 172 8
10 186 42
10 205 36
10 245 25
10 251 36
10 254 25
10 262 25
10 271 45
10 279 45
11 12 100
11 32 32
11 45 4
11 99 5
11 109 15
11 128 46
11 146 8
11 155 11
11 175 14
11 182 13
11 197 38
11 264 31
12 1 39
12 13 100
12 34 43
12 40 21
12 97 36
12 101 44
12 118 12
12 127 41
12 134 49
12 142 43
12 191 49
12 212 11
12 216 3
12 232 15
13 14 100
13 15 3
13 21 5
13 29 19
13 35 29
13 70 41
13 77 39
13 90 33
13 91 44
13 103 40
13 107 44
13 137 39
13 142 9
13 144 12
13 173 26
13 178 18
13 182 26
13 185 30
13 187 41
13 197 2
13 207 22
13 242 7
13 248 15
13 277 9
14 1 27
14 4 19
14 15 100
14 46 28
14 66 10
14 93 32
14 114 15
14 115 27
14 120 16
14 130 12
14 183 6
14 192 26
14 194 28
14 202 39
14 215 10
14 221 13
14 242 35
14 253 31
14 275 34
15 0 1
15 16 100
15 19 34
15 45 2
15 47 25
15 54 17
15 56 31
15 91 13
15 108 36
15 195 16
15 196 43
15 200 44
15 210 28
15 240 34
15 248 34
15 265 10
15 271 10
16 17 100
16 50 39
16 97 43
16 164 37
16 165 47
16 176 32
16 178 33
16 181 24
16 199 21
16 211 43
16 227 38
16 238 13
16 239 40
16 259 43
16 277 28
16 279 12
16 280 25
16 298 46
17 5 36
17 18 100
17 33 25
17 43 21
17 74 20
17 153 3
17 161 8
17 173 2
17 179 32
17 191 23
17 210 26
17 244 19
17 249 26
18 19 100
18 22 32
18 65 31
18 134 24
18 138 22
18 143 47
18 161 11
18 179 11
18 230 17
18 243 29
18 255 47
18 277 37
18 284 45
18 298 3
19 20 100
19 55 23
19 63 30
19 99 20
19 112 10
19 143 18
19 168 28
19 186 10
19 193 30
19 196 45
19 202 30
19 228 48
19 234 38
19 259 6
19 265 48
19 271 13
20 21 100
20 36 43
20 38 12
20 48 6
20 50 10
20 55 14
20 72 1
20 81 47
20 87 44
20 103 1
20 109 45
20 134 24
20 138 32
20 168 28
20 186 36
20 187 9
20 224 24
20 231 44
20 238 32
20 277 30
20 279 9
20 284 1
20 289 8
21 21 20
21 22 100
21 30 31
21 57 2
21 87 12
21 148 22
21 273 28
22 10 26
22 16 5
22 23 100
22 40 29
22 47 12
22 56 29
22 60 33
22 89 40
22 93 37
22 102 3
22 106 49
22 204 45
22 209 17
22 230 40
22 244 37
22 266 32
23 4 42
23 16 46
23 24 100
23 61 26
23 64 38
23 75 13
23 77 34
23 79 32
23 96 33
23 120 16
23 133 14
23 140 13
23 157 29
23 158 42
23 161 1
23 175 24
23 176 9
23 203 32
23 210 17
23 218 12
23 244 46
23 255 30
23 266 47
23 279 18
24 7 1
24 13 5
24 23 10
24 25 100
24 27 48
24 28 39
24 73 35
24 82 12
24 107 3
24 142 38
24 145 46
24 146 15
24 152 23
24 154 44
24 173 37
24 183 27
24 212 41
24 221 17
24 223 46
24 233 1
24 246 47
24 260 9
24 283 5
25 26 100
25 28 37
25 29 49
25 83 9
25 97 30
25 130 33
25 207 23
25 253 17
25 281 38
26 1 32
26 11 26
26 18 3
26 24 19
26 25 39
26 27 100
26 34 44
26 37 23
26 41 33
26 92 22
26 93 47
26 116 30
26 119 11
26 135 8
26 158 9
26 161 20
26 174 11
26 191 35
26 200 26
26 230 6
26 235 34
26 273 43
26 278 6
27 28 100
27 29 40
27 66 39
27 112 19
27 116 37
27 173 46
27 190 26
27 249 36
27 280 42
28 29 100
28 41 8
28 55 33
28 58 39
28 59 15
28 93 6
28 143 14
28 150 29
28 197 47
28 201 2
28 226 30
28 253 37
28 266 6
29 8 29
29 23 44
29 30 16
29 31 40
29 51 9
29 69 34
29 81 30
29 88 28
29 107 22
29 110 20
29 113 32
29 152 39
29 185 38
29 188 41
29 193 43
29 224 20
29 232 14
29 243 38
29 260 30
29 280 7
30 31 100
30 33 43
30 52 3
30 55 1
30 62 49
30 73 29
30 86 40
30 87 11
30 90 7
30 121 10
30 138 24
30 139 41
30 145 10
30 160 33
30 195 34
30 224 24
30 251 8
30 257 7
30 264 34
30 267 35
30 270 22
30 287 38
31 1 14
31 15 5
31 32 100
31 57 34
31 97 18
31 104 26
31 127 17
31 133 12
31 138 27
31 159 23
31 192 36
31 195 11
32 33 100
32 54 18
32 115 7
32 127 6
32 131 42
32 156 14
32 180 48
32 204 39
32 263 49
33 15 44
33 26 2
33 30 45
33 34 100
33 60 40
33 65 39
33 115 18
33 118 23
33 125 10
33 137 30
33 138 21
33 159 37
33 186 4
33 201 4
33 240 16
33 250 28
33 260 8
33 262 10
33 269 2
33 276 46
33 279 45
33 288 24
33 291 47
34 2 49
34 3 44
34 29 13
34 35 100
34 44 46
34 46 41
34 53 32
34 55 36
34 56 15
34 82 27
34 109 46
34 114 1
34 152 1
34 165 34
34 188 13
34 191 22
34 202 43
34 209 44
34 216 18
34 224 2
34 240 15
34 246 48
34 261 14
34 287 31
35 33 23
35 36 100
35 56 13
35 72 34
35 73 2
35 97 17
35 108 45
35 113 25
35 138 42
35 156 44
35 184 26
35 188 18
35 191 9
35 195 31
35 208 1
35 217 23
35 236 9
35 258 27
35 272 19
35 286 9
36 27 23
36 37 100
36 38 1
36 43 37
36 64 14
36 74 12
36 90 29
36 115 39
36 125 11
36 134 23
36 154 16
36 159 26
36 162 44
36 190 37
36 192 14
36 193 49
36 221 24
36 239 20
36 253 12
36 262 26
36 282 44
36 291 33
37 13 39
37 29 47
37 38 100
37 41 35
37 97 29
37 128 39
37 155 46
37 160 29
38 9 6
38 38 9
38 39 100
38 46 5
38 63 34
38 74 10
38 91 32
38 96 19
38 156 39
38 167 15
38 179 1
38 216 36
38 218 31
38 232 46
38 235 43
38 245 24
38 256 20
38 260 7
38 279 49
38 281 39
39 0 8
39 40 100
39 80 2
39 92 2
39 130 16
39 140 33
39 171 4
39 194 24
39 213 29
39 272 6
40 24 7
40 38 5
40 41 100
40 73 10
40 76 38
40 98 49
40 175 3
40 230 49
41 36 4
41 42 100
41 43 19
41 47 37
41 77 44
41 93 2
41 97 6
41 101 6
41 104 36
41 117 36
41 118 34
41 123 30
41 134 44
41 146 18
41 152 2
41 164 37
41 167 40
41 169 40
41 248 41
41 272 33
41 277 28
41 281 17
42 13 36
42 20 35
42 25 7
42 43 100
42 50 2
42 66 1
42 108 37
42 117 24
42 161 13
42 167 42
42 190 14
42 194 11
42 207 38
42 221 1
42 229 27
42 278 23
42 290 15
43 10 38
43 44 100
43 118 49
43 122 1
43 124 28
43 128 2
43 159 22
43 161 17
43 170 3
43 194 2
43 215 29
43 224 22
43 237 2
43 241 19
43 284 43
44 25 15
44 43 11
44 45 100
44 52 46
44 78 47
44 102 27
44 127 26
44 149 22
44 152 32
44 159 49
44 170 27
44 179 27
44 183 22
44 195 35
44 215 20
44 224 24
44 237 43
44 258 40
44 279 5
44 292 10
45 6 24
45 9 22
45 16 38
45 37 3
45 46 100
45 64 39
45 85 3
45 96 48
45 97 3
45 98 49
45 101 35
45 105 24
45 117 28
45 142 26
45 144 8
45 150 6
45 155 31
45 162 31
45 173 25
45 187 30
45 216 49
45 226 3
45 246 18
45 297 12
46 42 6
46 47 100
46 79 36
46 141 11
46 164 47
46 168 6
46 177 16
46 217 37
46 238 34
46 288 13
47 14 42
47 15 9
47 48 100
47 64 12
47 83 1
47 84 45
47 98 39
47 114 37
47 140 13
47 146 38
47 151 25
47 182 41
47 187 19
47 189 15
47 191 18
47 202 45
47 237 22
47 247 13
47 283 47
47 291 34
48 4 11
48 11 14
48 29 41
48 32 35
48 49 1
48 68 40
48 138 47
48 145 4
48 174 42
48 192 3
48 196 21
48 227 30
48 228 7
48 236 9
48 251 29
48 267 36
48 286 13
49 12 26
49 35 8
49 44 40
49 50 100
49 64 1
49 80 5
49 98 27
49 114 34
49 130 48
49 173 5
49 186 19
49 204 12
49 205 10
49 220 2
49 223 14
49 246 44
49 271 8
49 277 42
49 279 45
50 18 14
50 51 100
50 76 21
50 100 22
50 194 21
50 200 46
50 227 47
50 258 47
50 264 9
50 295 9
51 30 16
51 35 42
51 45 39
51 47 9
51 52 100
51 57 41
51 123 6
51 141 15
51 173 3
51 201 41
51 248 45
51 249 32
51 257 42
51 272 13
51 275 35
51 295 15
52 46 30
52 49 48
52 53 100
52 61 21
52 79 12
52 104 23
52 130 30
52 134 37
52 136 1
52 137 12
52 152 49
52 158 11
52 224 18
52 253 5
52 267 31
52 268 48
52 271 2
52 279 12
52 294 3
53 10 2
53 54 100
53 88 31
53 138 7
53 180 29
53 192 46
53 252 49
53 272 44
53 279 5
54 36 11
54 43 5
54 55 100
54 81 23
54 101 28
54 195 31
54 203 36
54 206 3
54 211 34
54 213 6
54 214 46
54 218 36
54 220 37
54 238 5
54 244 44
54 247 44
54 253 17
54 288 44
54 297 40
55 30 29
55 33 20
55 39 43
55 41 14
55 51 5
55 56 100
55 59 13
55 85 26
55 87 29
55 119 27
55 125 45
55 138 15
55 166 20
55 172 38
55 191 25
55 206 10
55 220 4
55 227 31
55 252 8
55 253 1
56 13 18
56 38 32
56 57 100
56 77 23
56 96 47
56 142 41
56 165 38
56 166 17
56 206 10
56 207 10
56 231 5
56 244 27
56 273 6
56 275 27
57 1 4
57 4 47
57 5 1
57 44 42
57 58 100
57 61 42
57 115 29
57 120 26
57 121 17
57 125 36
57 148 17
57 213 47
57 223 26
57 226 34
57 232 41
57 254 47
58 23 6
58 46 6
58 48 38
58 59 100
58 80 20
58 115 41
58 136 49
58 154 39
58 155 34
58 170 46
58 219 3
58 228 22
58 239 33
58 266 38
58 274 4
59 18 40
59 28 49
59 39 1
59 52 9
59 60 100
59 71 8
59 74 27
59 80 8
59 110 20
59 119 1
59 127 48
59 169 9
59 184 30
59 186 48
59 205 3
59 231 23
59 254 28
59 268 36
59 285 22
60 14 46
60 20 22
60 22 6
60 44 39
60 47 44
60 61 100
60 73 42
60 88 2
60 120 42
60 128 29
60 146 49
60 152 10
60 178 4
60 186 41
60 195 44
60 197 10
60 203 12
60 204 37
60 223 11
60 287 13
60 288 7
61 56 11
61 62 100
61 135 40
61 158 36
61 268 32
61 289 12
62 15 43
62 19 39
62 25 9
62 28 3
62 37 42
62 52 21
62 59 44
62 63 100
62 70 13
62 71 28
62 92 41
62 127 3
62 150 34
62 155 10
62 158 18
62 165 30
62 174 39
62 201 6
62 217 32
62 224 15
62 232 8
62 266 3
62 276 12
63 5 31
63 9 23
63 24 49
63 64 100
63 154 25
63 169 41
63 171 7
63 200 6
63 215 40
63 222 7
63 225 32
63 241 7
64 14 21
64 59 29
64 65 100
64 89 6
64 101 22
64 156 28
64 166 17
64 178 49
64 182 1
64 214 33
64 296 17
65 30 15
65 35 18
65 60 32
65 66 100
65 84 15
65 105 26
65 149 34
65 153 7
65 154 8
65 167 1
65 171 9
65 196 16
65 222 38
65 235 16
65 240 7
65 243 45
65 264 22
65 276 36
65 277 46
65 290 25
66 18 2
66 30 19
66 41 28
66 67 100
66 92 25
66 147 22
66 148 21
66 157 14
66 163 36
66 175 22
66 179 29
66 214 40
66 221 6
66 231 43
66 234 7
66 245 10
66 252 40
66 264 20
66 271 4
66 273 34
66 283 2
67 29 1
67 48 36
67 51 8
67 68 100
67 77 8
67 83 20
67 89 10
67 155 14
67 167 29
67 169 1
67 170 39
67 190 7
67 201 10
67 244 33
67 264 15
68 69 100
68 70 37
68 111 23
68 127 8
68 169 16
68 184 28
68 188 28
68 200 26
68 211 11
68 220 8
68 221 43
68 223 33
68 238 9
68 267 20
68 292 16
68 296 49
69 18 11
69 30 41
69 33 46
69 50 36
69 63 25
69 66 37
69 70 100
69 79 16
69 137 42
69 144 2
69 168 34
69 177 17
69 181 28
69 211 42
69 227 21
69 231 42
69 234 18
69 235 5
69 257 2
69 260 36
69 268 4
69 284 16
69 290 35
69 297 24
70 39 45
70 40 16
70 61 43
70 71 100
70 75 2
70 143 28
70 154 13
70 163 11
70 169 27
70 171 32
70 234 32
70 257 47
70 281 29
70 291 39
71 17 36
71 42 22
71 72 100
71 74 35
71 82 3
71 86 43
71 96 42
71 112 24
71 119 38
71 125 47
71 144 34
71 147 10
71 167 44
71 168 28
71 188 42
71 229 18
71 298 17
72 0 22
72 16 2
72 28 21
72 33 47
72 41 23
72 44 28
72 70 8
72 73 100
72 99 5
72 105 33
72 113 21
72 118 44
72 121 21
72 127 21
72 130 45
72 150 4
72 162 45
72 195 26
72 198 44
72 226 37
72 255 34
72 269 39
72 292 40
73 37 8
73 70 33
73 74 100
73 77 24
73 84 34
73 94 15
73 107 27
73 142 47
73 154 10
73 161 9
73 162 11
73 170 20
73 173 23
73 193 19
73 199 18
73 202 42
73 209 25
73 220 14
73 224 15
73 268 33
73 280 9
73 283 20
74 10 23
74 26 16
74 30 48
74 61 45
74 74 28
74 75 100
74 89 33
74 126 31
74 175 48
74 198 30
74 214 47
74 219 19
74 248 19
74 271 39
74 285 45
75 22 23
75 67 19
75 76 100
75 85 15
75 96 46
75 105 9
75 124 48
75 125 40
75 143 2
75 175 33
75 217 32
75 267 28
75 278 42
76 16 43
76 17 4
76 19 34
76 30 40
76 76 35
76 77 100
76 104 26
76 146 2
76 227 26
76 253 23
76 268 37
76 272 32
77 15 48
77 27 22
77 33 49
77 78 100
77 82 49
77 87 49
77 93 43
77 98 12
77 125 44
77 140 41
77 144 28
77 222 32
77 223 27
77 242 46
77 271 37
77 281 4
77 286 5
78 13 35
78 28 41
78 39 43
78 49 22
78 60 38
78 79 100
78 84 4
78 85 20
78 87 15
78 89 10
78 116 27
78 156 17
78 163 19
78 193 39
78 201 25
78 219 2
78 240 19
78 254 13
78 266 14
78 268 11
78 273 40
78 292 7
79 1 14
79 44 33
79 80 100
79 99 11
79 118 24
79 168 5
79 206 33
79 237 43
79 284 2
79 285 39
79 297 5
80 29 11
80 40 41
80 49 14
80 81 100
80 108 2
80 120 31
80 135 3
80 140 20
80 144 10
80 157 22
80 159 39
80 167 44
80 181 24
80 199 26
80 200 31
80 201 28
80 228 9
80 233 23
80 283 49
80 296 16
81 34 48
81 52 2
81 82 100
81 110 9
81 143 21
81 170 21
81 183 36
81 241 20
82 23 6
82 26 19
82 49 34
82 83 100
82 121 6
82 145 14
82 167 39
82 178 17
82 186 8
82 224 29
82 243 6
82 250 26
82 259 49
82 269 13
82 288 12
83 2 42
83 6 7
83 49 43
83 60 6
83 83 2
83 84 100
83 89 24
83 103 40
83 106 3
83 108 5
83 109 38
83 114 2
83 133 18
83 156 41
83 257 43
83 288 6
83 299 49
84 85 100
84 105 36
84 140 19
84 175 17
84 203 4
84 260 5
84 290 10
85 16 36
85 17 46
85 28 16
85 45 35
85 70 31
85 84 39
85 86 100
85 101 9
85 123 32
85 142 15
85 152 8
85 227 43
85 243 4
85 244 14
85 281 18
85 290 14
86 5 46
86 14 15
86 20 37
86 42 12
86 46 21
86 87 100
86 92 23
86 118 43
86 120 7
86 143 23
86 153 1
86 171 33
86 178 23
86 248 34
86 262 35
86 264 6
86 280 10
86 297 26
87 10 46
87 20 17
87 29 11
87 51 19
87 77 9
87 82 48
87 87 35
87 88 100
87 89 47
87 112 25
87 113 2
87 139 23
87 277 21
87 278 42
87 283 26
87 298 11
88 1 41
88 6 14
88 36 12
88 41 5
88 50 45
88 81 11
88 89 100
88 105 48
88 125 41
88 135 27
88 164 26
88 168 33
88 175 26
88 180 26
88 182 30
88 184 28
88 196 1
88 264 5
89 30 38
89 41 44
89 62 19
89 67 1
89 69 25
89 90 100
89 100 12
89 129 19
89 144 47
89 165 38
89 177 40
89 230 16
89 265 9
90 13 14
90 50 48
90 57 5
90 91 100
90 148 38
90 208 13
90 223 8
90 225 23
91 8 5
91 17 10
91 19 9
91 32 33
91 66 7
91 68 48
91 86 25
91 87 35
91 92 100
91 96 32
91 105 45
91 117 33
91 132 43
91 146 37
91 151 28
91 171 16
91 216 34
91 219 28
91 223 47
91 232 40
91 249 16
91 288 37
91 291 37
91 296 49
92 19 25
92 26 39
92 47 23
92 51 26
92 93 100
92 96 10
92 98 1
92 141 1
92 167 33
92 215 19
92 234 39
92 239 45
92 245 13
92 282 30
92 294 11
92 298 36
93 42 49
93 94 29
93 160 11
93 161 32
93 173 37
94 17 1
94 66 20
94 95 100
94 162 31
94 164 28
94 171 40
94 186 2
94 217 38
95 52 43
95 85 3
95 96 100
95 117 46
95 132 16
95 194 32
95 210 17
95 236 24
95 273 10
96 10 29
96 16 34
96 30 1
96 83 33
96 97 100
96 101 45
96 124 41
96 126 13
96 142 45
96 143 20
96 149 12
96 160 29
96 165 21
96 173 32
96 181 31
96 191 27
96 198 27
96 199 20
96 214 4
96 259 2
96 291 27
96 296 37
96 299 7
97 0 33
97 7 29
97 15 5
97 43 43
97 73 14
97 75 29
97 90 12
97 92 37
97 98 100
97 100 12
97 143 2
97 174 32
97 175 41
97 177 40
97 180 46
97 192 45
97 197 33
97 201 29
97 211 3
97 232 37
97 248 1
97 249 37
97 275 17
98 41 1
98 58 40
98 99 100
98 159 41
98 169 31
98 177 11
98 183 31
98 188 29
98 241 12
98 247 48
98 258 12
98 271 45
98 276 9
99 5 6
99 15 38
99 21 43
99 24 16
99 34 36
99 73 26
99 95 32
99 100 100
99 140 25
99 146 38
99 151 29
99 153 15
99 173 31
99 175 46
99 203 19
99 215 16
99 243 48
99 244 45
99 252 33
99 275 45
99 285 27
99 288 47
99 293 39
100 3 26
100 57 15
100 75 35
100 101 100
100 120 24
100 140 32
100 179 44
100 193 40
100 215 8
100 216 5
100 281 9
101 3 2
101 11 29
101 16 33
101 19 43
101 67 3
101 73 42
101 79 7
101 99 25
101 102 100
101 156 44
101 160 29
101 229 36
101 234 30
101 246 30
101 266 46
101 271 32
101 299 3
102 11 7
102 25 47
102 26 15
102 29 2
102 63 40
102 67 29
102 86 24
102 98 49
102 103 100
102 124 9
102 127 5
102 133 13
102 135 28
102 150 14
102 164 25
102 167 26
102 185 22
102 202 39
102 229 7
102 253 21
102 296 43
103 8 20
103 104 100
103 123 2
103 159 18
103 275 27
103 282 22
104 0 7
104 105 100
104 108 35
104 121 39
104 145 5
104 172 19
104 205 22
104 211 31
105 4 5
105 8 2
105 9 6
105 24 12
105 42 25
105 50 43
105 77 48
105 106 100
105 112 8
105 119 22
105 127 43
105 129 34
105 132 31
105 136 48
105 147 47
105 161 4
105 168 33
105 177 17
105 207 14
105 210 7
105 256 38
106 13 4
106 17 11
106 41 36
106 48 34
106 59 14
106 86 26
106 91 32
106 95 38
106 107 100
106 122 34
106 132 22
106 139 24
106 144 6
106 156 36
106 163 37
106 178 41
106 184 7
106 186 38
106 193 9
106 215 14
106 229 9
106 243 18
106 246 24
106 279 36
107 102 20
107 108 100
107 139 24
107 176 9
107 285 17
108 9 16
108 18 39
108 22 5
108 34 47
108 43 9
108 96 22
108 102 11
108 109 100
108 122 32
108 124 28
108 133 25
108 159 33
108 183 42
108 210 16
108 225 29
108 233 4
108 241 26
108 270 32
108 281 6
108 289 42
108 292 49
108 293 21
109 36 21
109 49 7
109 93 21
109 110 100
109 116 15
109 188 34
109 227 45
109 261 8
109 274 35
110 10 40
110 14 29
110 29 7
110 44 48
110 101 47
110 104 40
110 111 100
110 132 46
110 156 22
110 203 46
110 230 38
110 249 45
110 258 21
110 267 39
110 269 23
110 299 13
111 24 10
111 43 25
111 112 100
111 119 3
111 120 13
111 175 36
111 206 20
111 217 27
111 224 9
111 226 46
111 243 42
111 256 8
111 263 37
111 288 27
111 294 44
111 296 31
112 11 38
112 25 43
112 79 2
112 113 100
112 222 45
112 269 24
113 5 41
113 19 13
113 20 47
113 29 20
113 36 11
113 66 17
113 71 11
113 114 100
113 127 31
113 158 42
113 165 2
113 166 40
113 194 4
113 200 14
113 208 23
113 218 37
113 237 8
113 281 10
114 64 22
114 104 35
114 115 100
114 147 28
114 219 6
114 243 30
114 285 24
115 15 38
115 16 16
115 23 32
115 27 1
115 34 12
115 82 43
115 116 100
115 153 17
115 160 24
115 161 23
115 173 7
115 178 28
115 188 24
115 193 9
115 225 35
115 229 8
116 80 16
116 103 15
116 117 100
116 135 6
116 154 40
116 277 49
117 24 47
117 79 37
117 101 16
117 113 29
117 118 100
117 121 4
117 135 44
117 154 23
117 182 22
117 211 34
117 233 22
117 258 34
117 273 46
118 78 47
118 81 14
118 109 11
118 119 26
118 126 15
118 192 11
118 198 3
118 218 6
118 234 33
118 253 20
118 269 42
119 80 14
119 117 28
119 120 100
119 122 3
119 136 21
119 159 18
119 168 33
119 195 41
119 259 6
119 268 5
120 39 19
120 70 21
120 71 49
120 121 100
120 223 1
120 232 2
120 288 24
121 35 13
121 117 8
121 122 100
121 212 35
121 240 16
121 269 32
122 9 48
122 10 41
122 16 2
122 19 15
122 59 22
122 61 3
122 72 23
122 74 32
122 82 9
122 100 5
122 116 26
122 118 43
122 123 100
122 131 22
122 140 22
122 201 47
122 239 47
122 244 45
122 258 40
122 281 13
123 15 6
123 34 13
123 48 38
123 49 45
123 52 4
123 85 49
123 102 36
123 124 100
123 140 39
123 237 1
123 284 8
123 292 4
124 5 42
124 26 18
124 32 42
124 52 2
124 64 5
124 84 22
124 115 12
124 118 8
124 125 100
124 141 39
124 159 38
124 172 19
124 189 44
124 193 19
124 229 6
124 251 2
124 256 18
124 261 38
124 279 12
124 297 14
125 17 29
125 34 42
125 47 48
125 50 49
125 87 26
125 95 32
125 97 47
125 108 27
125 120 40
125 126 100
125 135 46
125 145 26
125 149 11
125 155 17
125 174 36
125 191 31
125 203 28
125 231 23
125 232 23
125 242 42
125 246 32
126 108 28
126 127 100
126 132 14
126 218 30
126 225 44
126 272 22
126 288 11
127 46 38
127 48 24
127 53 26
127 100 25
127 101 19
127 128 100
127 217 48
127 236 32
127 252 49
128 22 26
128 49 10
128 50 20
128 73 42
128 74 1
128 107 28
128 117 44
128 127 9
128 129 100
128 160 12
128 166 39
128 171 23
128 214 2
128 220 44
128 224 7
128 296 49
128 297 12
129 15 37
129 39 15
129 59 1
129 62 2
129 65 15
129 72 44
129 84 23
129 86 48
129 92 49
129 118 42
129 121 25
129 130 100
129 136 38
129 145 15
129 162 38
129 166 32
129 172 5
129 173 32
129 181 29
129 186 34
129 230 12
129 250 22
129 290 12
130 0 34
130 20 37
130 41 37
130 65 15
130 79 14
130 114 40
130 130 32
130 131 100
130 136 13
130 154 33
130 169 48
130 177 38
130 194 17
130 202 21
130 256 46
130 282 41
131 21 17
131 28 44
131 35 13
131 52 5
131 65 48
131 118 17
131 132 100
131 150 25
131 174 42
131 204 11
131 206 37
131 212 36
131 236 20
131 238 29
131 248 20
131 254 47
131 267 20
131 269 10
131 296 1
131 298 4
132 0 1
132 27 16
132 59 23
132 121 7
132 127 39
132 129 29
132 133 100
132 142 49
132 154 13
132 167 33
132 173 28
132 182 21
132 200 33
132 204 30
132 211 43
132 220 23
132 252 14
132 253 15
133 8 28
133 17 8
133 23 16
133 30 34
133 39 2
133 40 23
133 41 47
133 45 10
133 46 48
133 66 44
133 75 14
133 95 29
133 109 40
133 124 18
133 129 41
133 134 100
133 139 10
133 143 16
133 156 39
133 166 1
133 195 19
133 222 21
133 262 42
134 0 35
134 3 34
134 4 8
134 5 31
134 42 29
134 55 8
134 123 33
134 134 3
134 135 100
134 139 41
134 163 22
134 183 38
134 225 43
134 239 19
134 248 4
134 254 17
134 271 8
134 289 29
134 297 24
135 136 100
135 148 2
135 149 30
135 168 8
135 174 25
135 194 20
135 221 41
135 233 44
135 293 26
136 38 19
136 75 7
136 107 37
136 127 37
136 137 100
136 163 8
136 200 37
136 287 48
136 291 9
137 8 7
137 72 1
137 85 40
137 138 100
137 192 11
137 194 44
137 196 44
137 203 8
137 236 27
138 2 24
138 9 17
138 71 8
138 78 11
138 87 9
138 98 19
138 105 10
138 139 100
138 167 30
138 192 34
138 193 20
138 213 27
138 216 13
138 218 30
138 237 30
139 29 34
139 85 42
139 98 32
139 99 1
139 112 46
139 114 35
139 140 100
139 189 31
139 197 38
139 209 8
139 255 18
139 267 9
140 0 5
140 77 4
140 141 100
140 179 18
140 193 48
140 229 46
140 269 48
140 281 19
141 32 12
141 66 44
141 68 6
141 94 22
141 104 24
141 108 1
141 115 16
141 125 23
141 142 100
141 143 11
141 144 49
141 171 23
141 178 8
141 185 9
141 186 37
141 199 43
141 247 15
141 261 24
141 266 49
141 279 16
141 287 46
142 22 49
142 36 44
142 45 31
142 95 48
142 96 29
142 132 19
142 137 22
142 143 100
142 172 29
142 196 17
142 291 24
143 2 43
143 17 23
143 28 20
143 34 16
143 67 47
143 72 24
143 112 28
143 131 47
143 144 100
143 149 42
143 188 8
143 193 21
143 268 5
143 274 6
143 291 39
144 16 13
144 56 37
144 57 5
144 68 14
144 88 38
144 100 8
144 113 34
144 121 47
144 145 100
144 156 30
144 177 14
144 185 41
144 195 14
144 196 38
144 212 19
144 265 35
144 290 14
144 294 3
145 46 23
145 82 38
145 95 44
145 146 100
145 177 19
145 182 48
145 214 15
145 269 22
146 6 16
146 14 39
146 24 20
146 40 5
146 48 45
146 75 15
146 79 19
146 84 18
146 92 5
146 99 32
146 101 9
146 115 47
146 127 25
146 137 32
146 147 100
146 149 6
146 164 8
146 166 8
146 167 33
146 216 35
146 263 22
146 267 28
146 279 44
147 13 4
147 26 37
147 32 21
147 38 12
147 94 42
147 132 34
147 137 21
147 142 33
147 148 100
147 199 48
147 205 49
147 208 8
147 220 35
147 225 24
147 258 12
147 272 21
147 288 12
147 290 24
148 9 45
148 47 23
148 106 29
148 133 6
148 149 100
148 162 7
148 184 33
148 204 46
148 232 35
148 264 23
149 15 5
149 29 23
149 35 43
149 39 3
149 41 42
149 56 18
149 63 6
149 74 16
149 106 6
149 110 41
149 146 17
149 150 100
149 159 37
149 160 40
149 188 5
149 207 49
149 211 7
149 219 46
149 233 34
149 236 42
149 272 47
149 276 37
149 289 34
149 291 41
149 297 30
150 69 19
150 81 2
150 82 36
150 84 24
150 86 28
150 95 33
150 103 33
150 117 35
150 140 11
150 151 100
150 171 38
150 197 19
150 210 33
150 218 36
150 233 22
150 248 22
150 254 31
150 274 35
150 281 8
150 284 5
150 295 18
151 66 32
151 108 7
151 152 100
151 209 7
151 237 16
151 279 9
152 10 44
152 28 34
152 68 20
152 101 49
152 111 5
152 114 10
152 115 37
152 133 33
152 137 19
152 141 34
152 153 100
152 183 29
152 214 39
152 217 2
152 248 12
152 250 38
152 254 26
152 256 19
152 259 36
152 262 26
152 282 2
152 298 30
153 2 24
153 30 15
153 75 42
153 83 42
153 85 5
153 106 15
153 124 2
153 131 7
153 142 10
153 149 40
153 154 100
153 172 36
153 191 4
153 202 2
153 226 14
153 239 31
153 245 45
153 255 17
153 267 48
153 294 46
154 37 36
154 56 47
154 73 11
154 88 29
154 117 27
154 155 100
154 157 21
154 185 14
154 193 28
154 236 48
154 267 41
155 15 11
155 22 35
155 38 26
155 45 2
155 47 3
155 62 44
155 66 6
155 77 42
155 99 24
155 103 46
155 108 17
155 113 39
155 117 39
155 149 38
155 153 47
155 156 100
155 164 25
155 167 2
155 264 30
155 273 7
155 284 14
155 293 30
155 296 9
156 10 16
156 20 13
156 28 41
156 80 5
156 89 13
156 91 11
156 104 15
156 128 34
156 137 34
156 151 28
156 157 100
156 170 10
156 178 7
156 282 2
157 2 3
157 3 43
157 42 44
157 43 8
157 52 1
157 115 20
157 119 47
157 132 40
157 144 30
157 147 12
157 158 100
157 170 30
157 201 5
157 240 14
157 251 42
157 293 40
158 12 6
158 29 1
158 52 36
158 61 14
158 84 45
158 92 24
158 93 4
158 96 32
158 101 4
158 135 6
158 142 43
158 147 17
158 159 100
158 160 3
158 165 10
158 184 40
158 210 9
158 214 38
158 225 39
158 270 31
159 0 29
159 2 26
159 46 4
159 70 6
159 74 40
159 152 45
159 160 100
159 171 39
159 196 23
159 234 19
159 244 17
159 246 30
159 256 10
159 268 15
159 297 6
160 0 39
160 69 11
160 84 44
160 90 36
160 107 12
160 129 30
160 157 19
160 160 8
160 161 100
160 168 12
160 169 26
160 175 31
160 177 42
160 186 12
160 189 15
160 190 40
160 194 13
160 209 21
160 222 41
160 239 18
160 254 32
160 257 3
160 261 38
160 269 35
161 43 46
161 48 7
161 63 39
161 90 35
161 94 28
161 100 1
161 129 37
161 162 100
161 169 39
161 187 21
161 228 36
161 231 8
161 232 20
161 277 38
161 293 2
162 4 12
162 27 13
162 38 48
162 66 43
162 70 18
162 95 3
162 96 2
162 142 19
162 163 100
162 166 9
162 175 1
162 184 39
162 190 27
162 222 16
162 225 48
162 270 20
163 24 28
163 36 20
163 51 27
163 132 14
163 156 2
163 158 25
163 164 100
163 167 38
163 214 49
163 231 48
163 244 42
163 254 8
164 19 20
164 21 26
164 31 32
164 48 19
164 49 20
164 76 33
164 91 22
164 131 8
164 156 42
164 165 100
164 173 11
164 188 11
164 197 36
164 198 25
164 200 27
164 214 48
164 247 35
164 260 22
164 271 16
164 273 14
164 279 32
165 3 48
165 5 41
165 43 32
165 54 40
165 86 18
165 90 32
165 117 39
165 134 17
165 163 18
165 166 100
165 170 41
165 198 27
165 283 23
165 290 23
166 2 30
166 44 28
166 49 28
166 50 20
166 75 49
166 104 35
166 167 100
166 223 23
166 247 48
166 257 12
166 264 25
166 289 40
166 293 22
167 3 39
167 25 47
167 31 15
167 35 31
167 51 35
167 78 25
167 82 38
167 90 17
167 93 23
167 96 39
167 132 21
167 150 37
167 168 100
167 182 39
167 186 7
167 187 4
167 194 8
167 204 40
167 243 26
167 244 45
167 245 43
167 252 47
167 278 42
167 281 9
167 293 47
168 17 39
168 23 21
168 33 17
168 51 28
168 63 30
168 110 2
168 115 28
168 127 42
168 137 49
168 141 44
168 150 38
168 169 100
168 188 18
168 192 13
168 210 23
168 230 9
168 286 28
169 62 24
169 134 36
169 148 49
169 170 100
169 194 18
169 220 26
169 244 19
169 273 3
169 298 17
170 0 11
170 35 24
170 60 37
170 73 11
170 122 20
170 130 41
170 171 100
170 178 41
170 298 42
171 6 46
171 9 16
171 21 31
171 36 22
171 45 12
171 70 20
171 80 28
171 81 33
171 122 47
171 125 13
171 131 34
171 143 42
171 157 34
171 172 100
171 178 15
171 181 8
171 197 45
171 198 37
171 223 36
171 249 5
171 252 21
171 262 20
171 273 29
171 276 34
171 292 3
172 15 29
172 173 100
172 220 49
172 223 1
172 260 17
172 278 15
173 2 44
173 21 24
173 25 24
173 43 46
173 109 13
173 114 33
173 174 100
173 178 31
173 210 11
173 219 48
173 221 15
173 223 27
173 231 43
173 238 42
173 250 37
173 251 13
173 260 27
173 267 28
173 278 18
173 279 49
173 283 32
173 292 20
174 5 40
174 19 19
174 32 1
174 42 33
174 50 33
174 52 42
174 65 42
174 74 42
174 114 45
174 116 46
174 127 1
174 138 15
174 153 9
174 160 49
174 164 8
174 170 8
174 175 100
174 199 11
174 215 4
174 220 31
174 230 9
174 279 30
174 289 25
175 11 25
175 28 2
175 41 23
175 51 15
175 55 40
175 69 40
175 73 5
175 81 31
175 161 28
175 176 100
175 187 43
175 194 9
175 206 8
175 212 24
175 229 6
175 234 27
175 246 48
175 255 49
175 275 16
175 284 44
175 286 5
175 295 6
176 19 10
176 24 26
176 65 11
176 177 100
176 213 7
176 225 19
176 227 40
176 241 26
176 245 5
176 270 15
177 11 37
177 28 21
177 39 44
177 52 40
177 56 49
177 63 32
177 71 35
177 73 2
177 90 10
177 94 5
177 120 20
177 147 38
177 150 4
177 178 100
177 179 17
177 221 44
177 230 34
177 231 24
177 259 44
177 271 24
177 272 14
177 295 49
178 9 47
178 52 22
178 78 11
178 94 34
178 114 37
178 133 5
178 135 28
178 150 14
178 154 5
178 158 46
178 162 22
178 179 100
178 196 46
178 203 4
178 204 18
178 227 34
178 236 13
178 244 41
178 258 47
178 277 46
178 280 22
178 292 28
179 41 9
179 70 37
179 77 27
179 89 23
179 107 38
179 127 28
179 180 100
179 182 43
179 191 15
179 201 9
179 238 4
179 248 16
179 272 30
180 29 31
180 48 13
180 61 21
180 95 46
180 96 33
180 109 32
180 125 22
180 181 100
180 228 6
180 234 2
180 238 25
180 297 10
181 10 47
181 22 36
181 24 11
181 29 21
181 31 8
181 33 26
181 47 33
181 49 7
181 59 13
181 60 15
181 76 3
181 85 31
181 113 40
181 133 34
181 171 35
181 179 24
181 182 24
181 190 48
181 209 24
181 233 43
181 273 12
181 294 16
182 20 4
182 96 38
182 118 6
182 136 33
182 161 48
182 178 1
182 183 100
182 197 24
182 251 4
182 266 34
182 280 30
182 294 41
182 299 26
183 27 3
183 58 8
183 76 14
183 107 28
183 112 7
183 121 37
183 169 44
183 184 100
183 209 47
183 254 1
183 285 17
184 52 49
184 80 30
184 108 42
184 185 100
184 196 47
184 205 49
184 277 47
185 0 4
185 18 2
185 34 31
185 54 46
185 68 35
185 75 31
185 96 31
185 116 23
185 132 8
185 164 47
185 165 21
185 186 42
185 205 42
185 209 11
185 252 42
185 259 20
185 263 44
185 272 49
186 11 48
186 58 44
186 64 17
186 67 19
186 93 39
186 100 9
186 133 8
186 151 7
186 171 3
186 187 100
186 219 9
186 223 13
186 237 2
186 240 8
186 262 36
186 296 14
187 13 18
187 44 4
187 188 100
187 197 22
187 231 43
187 237 6
188 1 29
188 21 24
188 32 31
188 46 16
188 74 4
188 148 19
188 156 2
188 168 13
188 189 100
188 228 7
188 229 25
188 232 8
188 235 36
188 237 47
188 242 33
188 261 37
188 267 17
188 277 14
188 298 37
189 23 46
189 42 40
189 49 36
189 52 18
189 64 49
189 69 49
189 90 36
189 100 20
189 137 17
189 139 12
189 148 16
189 169 40
189 171 11
189 183 41
189 190 100
189 215 28
189 225 27
189 227 25
189 229 25
189 242 2
189 254 46
189 257 15
189 261 24
189 272 13
190 12 31
190 67 41
190 97 22
190 111 41
190 117 42
190 138 31
190 157 15
190 160 33
190 191 100
190 201 23
190 235 6
191 19 19
191 35 3
191 40 30
191 43 48
191 53 15
191 61 36
191 83 40
191 97 41
191 151 40
191 177 32
191 179 11
191 192 31
191 199 23
191 203 16
191 231 13
191 233 32
191 246 28
191 260 44
191 295 41
192 12 1
192 40 2
192 45 5
192 56 18
192 62 19
192 86 6
192 112 23
192 140 12
192 142 6
192 160 31
192 163 47
192 168 45
192 179 6
192 180 40
192 193 100
192 199 34
192 202 39
192 212 44
192 220 33
192 289 10
192 298 13
193 18 12
193 29 12
193 34 5
193 48 23
193 57 3
193 60 49
193 67 4
193 91 31
193 100 35
193 101 38
193 102 49
193 110 33
193 111 42
193 115 49
193 139 36
193 145 28
193 156 22
193 165 36
193 184 44
193 188 15
193 194 100
193 233 23
193 271 12
193 280 46
194 4 11
194 6 14
194 28 6
194 29 2
194 31 26
194 38 19
194 56 30
194 77 29
194 80 2
194 110 27
194 121 24
194 145 2
194 149 28
194 153 27
194 160 28
194 169 20
194 190 48
194 195 100
194 212 36
194 222 2
194 235 17
194 245 31
194 247 9
194 251 23
195 24 48
195 58 7
195 79 5
195 88 7
195 100 32
195 107 13
195 109 5
195 135 17
195 136 43
195 196 100
195 211 12
195 220 22
195 225 16
195 228 29
195 263 37
195 284 31
195 293 22
196 140 10
196 146 36
196 156 17
196 179 3
196 197 100
196 282 15
196 283 17
197 5 13
197 17 23
197 58 16
197 100 48
197 123 23
197 124 15
197 131 18
197 198 100
197 264 18
197 267 11
198 43 41
198 45 24
198 59 5
198 116 47
198 161 42
198 199 100
198 234 40
198 240 33
198 272 29
199 14 42
199 45 27
199 49 6
199 95 49
199 96 23
199 107 4
199 118 7
199 128 1
199 131 43
199 135 29
199 146 8
199 148 14
199 157 18
199 164 26
199 200 100
199 214 14
199 236 17
199 237 24
199 258 18
199 299 15
200 7 23
200 42 37
200 89 31
200 99 10
200 131 39
200 161 15
200 170 15
200 178 27
200 201 100
200 204 29
200 254 6
200 266 1
200 270 15
200 286 9
201 56 36
201 81 42
201 85 8
201 202 100
201 205 45
201 221 49
201 223 10
202 8 3
202 17 4
202 47 20
202 84 41
202 86 30
202 104 27
202 118 35
202 121 4
202 138 27
202 185 31
202 192 27
202 203 100
202 206 11
202 229 10
202 249 38
203 1 27
203 5 9
203 28 41
203 44 32
203 53 37
203 69 12
203 95 12
203 102 7
203 181 40
203 185 19
203 187 29
203 190 17
203 204 100
203 216 20
203 226 35
203 236 28
203 246 40
203 277 41
203 298 6
204 6 48
204 21 5
204 29 5
204 42 3
204 44 26
204 67 31
204 84 49
204 88 37
204 98 3
204 106 3
204 153 41
204 160 42
204 176 7
204 200 20
204 202 14
204 205 100
204 230 49
204 235 13
204 246 13
204 256 31
204 274 6
204 287 26
204 298 2
205 6 11
205 14 34
205 52 46
205 61 8
205 68 11
205 87 5
205 104 5
205 106 7
205 135 3
205 153 28
205 164 25
205 173 18
205 194 12
205 206 100
205 214 47
205 235 13
205 274 17
205 282 5
205 290 31
205 296 5
206 27 37
206 32 21
206 61 45
206 62 26
206 87 13
206 98 29
206 110 43
206 158 15
206 168 2
206 207 100
206 218 14
206 226 7
206 231 18
206 244 23
206 255 12
206 271 5
206 281 15
207 103 1
207 115 1
207 157 31
207 161 5
207 208 100
207 209 22
207 228 34
207 250 22
207 276 31
208 39 39
208 68 33
208 78 9
208 87 25
208 137 3
208 138 28
208 146 4
208 184 19
208 189 47
208 209 100
208 298 10
209 3 22
209 45 34
209 80 41
209 87 38
209 117 10
209 129 12
209 137 20
209 146 40
209 173 23
209 190 8
209 201 15
209 205 10
209 210 100
209 211 46
209 253 32
209 279 9
209 280 15
209 286 30
209 288 4
210 22 14
210 26 7
210 41 18
210 76 18
210 86 1
210 211 100
210 252 9
210 288 36
210 295 28
211 1 30
211 108 41
211 122 20
211 124 29
211 134 36
211 141 15
211 159 14
211 162 18
211 190 24
211 194 23
211 198 32
211 199 17
211 206 18
211 212 100
211 217 45
211 240 49
211 256 1
211 296 2
212 7 9
212 8 10
212 45 10
212 53 34
212 74 9
212 77 4
212 97 5
212 114 30
212 145 11
212 148 27
212 158 32
212 165 12
212 171 42
212 182 41
212 186 16
212 187 5
212 203 19
212 209 47
212 213 100
212 257 29
212 260 38
212 286 13
213 13 17
213 26 30
213 35 46
213 39 6
213 69 45
213 93 32
213 119 22
213 128 21
213 166 16
213 205 30
213 214 100
213 235 14
213 240 15
213 253 45
213 257 40
213 276 14
214 13 40
214 46 1
214 77 9
214 84 30
214 90 4
214 97 39
214 102 48
214 108 14
214 119 12
214 143 45
214 159 43
214 173 22
214 188 14
214 207 46
214 215 100
214 235 32
214 252 28
214 279 9
214 282 8
215 10 13
215 18 14
215 49 36
215 59 24
215 60 40
215 65 22
215 69 40
215 84 40
215 89 21
215 111 30
215 136 10
215 151 11
215 157 14
215 171 30
215 173 15
215 174 11
215 180 10
215 206 38
215 212 6
215 216 100
215 219 24
215 240 45
215 271 34
215 286 47
215 296 40
216 7 2
216 26 21
216 32 42
216 40 40
216 67 36
216 74 34
216 79 42
216 91 24
216 99 43
216 146 5
216 148 3
216 168 30
216 169 23
216 190 46
216 207 36
216 209 11
216 217 100
216 234 29
216 242 10
216 256 5
216 265 7
217 42 5
217 47 13
217 49 5
217 61 5
217 100 40
217 106 4
217 114 6
217 115 36
217 120 32
217 152 15
217 175 19
217 191 20
217 204 34
217 212 28
217 218 100
217 220 25
217 235 38
217 240 42
217 263 30
217 279 35
217 282 17
217 288 23
218 85 35
218 122 12
218 219 100
218 220 26
218 223 38
218 256 39
218 289 41
219 42 44
219 82 48
219 102 5
219 110 16
219 111 43
219 112 48
219 114 35
219 117 29
219 136 31
219 153 10
219 163 4
219 164 20
219 187 6
219 196 26
219 220 100
219 222 3
219 292 12
220 11 12
220 20 48
220 184 26
220 221 100
220 270 36
220 281 14
221 34 20
221 36 48
221 77 36
221 78 22
221 92 27
221 93 8
221 102 41
221 120 5
221 122 11
221 131 4
221 135 16
221 150 19
221 198 26
221 222 100
221 250 39
221 251 12
221 253 9
221 258 40
221 269 21
221 283 43
221 291 34
222 3 11
222 63 36
222 70 35
222 78 48
222 92 42
222 100 22
222 181 19
222 198 19
222 206 48
222 222 4
222 223 100
222 257 43
222 270 46
222 282 46
223 5 22
223 11 45
223 35 38
223 40 40
223 53 12
223 100 19
223 110 7
223 111 42
223 120 40
223 133 35
223 145 17
223 169 11
223 181 32
223 192 35
223 224 100
223 233 23
223 255 35
223 262 8
223 292 41
224 25 46
224 36 26
224 38 22
224 51 3
224 61 16
224 70 29
224 72 12
224 80 28
224 84 32
224 115 33
224 129 25
224 140 43
224 161 43
224 177 26
224 182 3
224 192 1
224 225 100
224 242 21
224 263 37
224 266 21
224 277 27
224 282 12
224 295 25
225 7 9
225 74 17
225 151 27
225 184 30
225 202 22
225 204 5
225 222 17
225 224 7
225 226 100
225 234 42
225 255 48
225 276 18
225 284 2
225 292 8
225 294 34
226 21 16
226 31 21
226 36 40
226 45 30
226 60 1
226 86 22
226 107 17
226 129 7
226 132 18
226 135 26
226 145 46
226 159 15
226 174 42
226 188 27
226 217 16
226 227 21
226 249 33
226 253 44
226 296 39
226 298 2
227 48 21
227 49 37
227 51 48
227 54 18
227 75 14
227 84 24
227 115 6
227 122 25
227 228 100
227 229 4
227 237 46
227 278 12
228 23 7
228 75 3
228 90 14
228 93 3
228 106 13
228 127 3
228 139 21
228 184 17
228 190 46
228 209 28
228 229 100
228 244 22
228 253 7
228 259 5
229 20 30
229 47 38
229 88 47
229 95 12
229 151 6
229 153 16
229 156 11
229 157 44
229 187 23
229 192 26
229 222 35
229 230 100
229 250 41
229 262 49
229 287 21
230 1 9
230 4 17
230 34 7
230 50 23
230 62 6
230 69 26
230 111 40
230 119 45
230 132 35
230 161 44
230 188 6
230 193 3
230 226 29
230 231 100
230 260 15
230 276 46
231 12 48
231 61 28
231 101 23
231 114 2
231 146 46
231 168 37
231 171 34
231 185 41
231 232 100
231 233 48
231 265 7
231 289 40
231 296 2
232 52 47
232 93 49
232 117 36
232 144 13
232 150 21
232 185 15
232 192 34
232 196 1
232 231 48
232 233 100
232 263 16
232 276 21
232 291 31
232 299 18
233 5 40
233 17 45
233 43 20
233 71 44
233 75 49
233 114 34
233 123 25
233 156 15
233 165 28
233 226 17
233 234 100
233 262 27
233 270 32
233 272 46
234 50 11
234 52 21
234 71 36
234 235 100
234 263 38
234 275 28
235 157 14
235 205 20
235 215 7
235 220 39
235 236 100
235 268 32
236 9 16
236 24 1
236 38 1
236 39 22
236 101 44
236 129 2
236 176 3
236 237 100
236 253 45
237 45 34
237 109 36
237 127 31
237 146 14
237 150 23
237 168 5
237 177 14
237 194 37
237 201 16
237 213 10
237 223 11
237 238 100
237 258 36
237 263 29
238 29 41
238 34 49
238 47 26
238 60 45
238 74 3
238 80 2
238 117 18
238 131 37
238 147 2
238 166 29
238 174 11
238 189 12
238 231 31
238 234 42
238 236 9
238 239 100
238 252 12
238 271 26
238 277 6
238 288 35
239 4 5
239 5 9
239 39 28
239 43 33
239 58 30
239 66 15
239 67 48
239 91 5
239 123 18
239 151 23
239 177 43
239 180 32
239 184 20
239 199 45
239 209 38
239 214 35
239 223 25
239 240 100
239 296 9
240 0 16
240 3 1
240 7 24
240 39 10
240 49 1
240 58 20
240 84 42
240 97 49
240 107 26
240 146 42
240 152 15
240 174 1
240 187 14
240 192 8
240 193 41
240 230 18
240 236 34
240 241 100
240 256 32
240 267 38
240 270 44
240 284 19
240 289 16
241 11 37
241 12 41
241 29 25
241 36 37
241 42 20
241 58 46
241 64 9
241 75 8
241 92 6
241 101 29
241 118 46
241 156 47
241 205 19
241 221 3
241 241 8
241 242 100
241 269 35
241 277 33
241 299 44
242 8 23
242 24 22
242 33 14
242 55 12
242 81 39
242 92 25
242 115 18
242 127 28
242 161 32
242 174 42
242 184 7
242 186 17
242 199 1
242 225 27
242 229 42
242 243 100
242 247 38
242 266 42
243 6 22
243 7 48
243 28 12
243 39 24
243 47 13
243 59 24
243 93 15
243 104 47
243 105 49
243 129 6
243 150 24
243 151 49
243 164 14
243 178 26
243 182 26
243 190 2
243 211 33
243 228 26
243 229 30
243 244 100
243 262 23
243 282 22
243 296 29
244 37 43
244 56 33
244 62 31
244 100 26
244 204 10
244 245 100
244 246 13
244 279 41
245 6 43
245 8 36
245 16 42
245 47 31
245 73 25
245 96 28
245 130 7
245 159 10
245 162 23
245 176 41
245 182 17
245 205 7
245 209 11
245 212 26
245 244 22
245 246 100
245 260 12
245 265 32
245 270 15
245 283 16
245 289 33
246 14 13
246 42 13
246 57 39
246 68 22
246 88 37
246 112 27
246 113 33
246 127 17
246 145 23
246 166 5
246 167 5
246 183 4
246 196 21
246 241 11
246 247 100
246 253 30
247 9 42
247 18 29
247 23 5
247 27 13
247 39 5
247 46 44
247 47 26
247 64 14
247 83 18
247 152 12
247 185 36
247 204 45
247 220 24
247 233 20
247 243 27
247 246 9
247 248 100
247 249 32
247 251 47
247 252 45
247 282 27
247 291 30
247 296 37
247 298 9
248 16 2
248 20 31
248 31 47
248 66 28
248 81 4
248 92 24
248 99 34
248 125 8
248 151 6
248 170 2
248 185 47
248 249 100
248 255 24
248 283 31
248 292 25
249 102 6
249 126 40
249 135 17
249 143 15
249 145 14
249 154 14
249 158 13
249 192 33
249 217 28
249 223 4
249 233 46
249 237 47
249 249 14
249 250 100
249 251 27
249 255 46
249 269 7
249 287 36
249 295 23
250 26 1
250 63 42
250 69 18
250 76 30
250 87 31
250 128 23
250 132 38
250 157 49
250 191 15
250 202 17
250 212 41
250 217 47
250 220 16
250 236 49
250 238 25
250 240 26
250 251 100
250 253 22
250 254 29
251 28 8
251 38 3
251 95 6
251 123 29
251 126 6
251 184 33
251 202 30
251 252 100
251 258 18
252 1 23
252 14 37
252 52 5
252 90 23
252 109 41
252 110 22
252 133 46
252 151 11
252 167 8
252 185 27
252 188 48
252 190 5
252 197 3
252 200 29
252 203 35
252 209 4
252 221 15
252 238 42
252 249 49
252 253 100
252 254 49
252 256 31
252 269 11
253 31 39
253 88 31
253 92 15
253 98 43
253 102 28
253 134 42
253 141 43
253 143 24
253 208 44
253 220 14
253 254 100
253 256 49
253 275 22
253 278 34
253 285 21
253 291 44
254 7 7
254 57 29
254 63 17
254 104 15
254 117 43
254 129 25
254 216 41
254 218 17
254 236 33
254 250 36
254 255 100
254 259 15
254 284 20
254 292 1
255 8 14
255 9 47
255 13 13
255 16 28
255 35 29
255 46 37
255 52 30
255 75 9
255 85 19
255 117 15
255 123 8
255 178 33
255 198 48
255 208 49
255 249 38
255 256 100
255 259 47
255 283 28
255 297 7
256 18 39
256 42 20
256 53 7
256 86 1
256 128 6
256 170 3
256 218 41
256 235 12
256 247 21
256 257 100
256 265 29
256 284 17
256 293 17
256 299 29
257 2 24
257 9 20
257 19 26
257 26 31
257 29 48
257 57 47
257 104 10
257 112 11
257 153 10
257 156 25
257 171 12
257 187 25
257 191 13
257 196 5
257 228 35
257 246 21
257 258 100
257 273 38
258 119 47
258 141 8
258 153 48
258 205 2
258 259 100
258 292 44
259 4 36
259 7 19
259 10 14
259 49 14
259 52 49
259 61 6
259 94 5
259 102 34
259 104 15
259 137 1
259 143 7
259 147 42
259 151 33
259 152 41
259 168 19
259 185 27
259 197 39
259 207 26
259 222 47
259 235 18
259 260 100
259 273 23
259 282 44
259 285 20
260 39 9
260 69 40
260 76 19
260 98 46
260 119 6
260 136 31
260 149 41
260 216 35
260 259 21
260 261 100
261 27 27
261 34 20
261 58 5
261 61 26
261 69 6
261 74 8
261 124 48
261 134 29
261 145 43
261 155 32
261 172 25
261 176 43
261 191 13
261 198 38
261 201 5
261 208 8
261 215 10
261 262 100
261 272 40
261 286 10
261 291 18
262 91 37
262 94 20
262 100 8
262 115 9
262 127 29
262 212 42
262 263 100
262 274 35
262 281 40
263 13 48
263 30 41
263 49 29
263 98 17
263 105 30
263 108 49
263 110 25
263 136 5
263 144 25
263 149 18
263 154 9
263 203 23
263 204 31
263 225 21
263 239 8
263 248 24
263 259 25
263 264 100
263 266 41
264 8 45
264 18 11
264 47 23
264 50 7
264 65 41
264 95 47
264 105 7
264 128 26
264 136 30
264 186 7
264 189 27
264 191 26
264 205 40
264 261 41
264 265 100
265 41 2
265 64 25
265 114 29
265 133 37
265 266 100
265 287 11
266 50 10
266 63 42
266 85 27
266 109 17
266 141 30
266 143 17
266 170 20
266 171 24
266 202 27
266 207 3
266 215 34
266 220 28
266 230 39
266 259 5
266 265 18
266 267 100
266 275 11
266 295 25
267 19 39
267 29 31
267 92 36
267 172 10
267 203 23
267 211 18
267 268 100
268 26 27
268 96 44
268 121 6
268 191 15
268 247 24
268 269 100
268 271 16
269 42 35
269 61 22
269 84 3
269 94 38
269 100 5
269 104 13
269 111 21
269 112 26
269 116 3
269 125 31
269 186 33
269 197 46
269 212 29
269 223 42
269 229 44
269 234 40
269 247 39
269 260 35
269 262 47
269 270 100
269 291 44
269 297 26
270 2 35
270 11 28
270 55 32
270 66 25
270 73 22
270 102 35
270 103 24
270 124 6
270 136 2
270 145 7
270 167 43
270 197 29
270 271 100
270 275 3
270 276 26
270 281 35
271 98 19
271 123 17
271 200 14
271 228 24
271 244 44
271 272 100
272 5 28
272 81 48
272 99 45
272 178 36
272 191 37
272 206 7
272 237 47
272 273 100
273 3 18
273 4 18
273 8 7
273 23 46
273 64 26
273 67 21
273 68 17
273 110 28
273 122 4
273 137 18
273 138 42
273 154 12
273 159 8
273 174 13
273 176 44
273 185 41
273 186 10
273 201 5
273 206 22
273 213 7
273 238 22
273 274 100
273 281 6
273 296 19
274 17 34
274 29 1
274 67 2
274 70 31
274 104 35
274 113 14
274 145 6
274 177 13
274 191 47
274 275 100
275 39 25
275 41 38
275 109 27
275 168 25
275 239 45
275 242 8
275 245 13
275 246 47
275 264 29
275 276 100
276 6 8
276 10 17
276 11 33
276 16 27
276 21 46
276 63 14
276 133 42
276 139 11
276 162 17
276 180 29
276 211 44
276 218 10
276 249 31
276 253 30
276 277 100
277 5 47
277 13 33
277 30 38
277 51 4
277 60 30
277 76 10
277 77 31
277 89 15
277 95 43
277 96 30
277 101 30
277 102 29
277 117 3
277 135 17
277 168 3
277 177 49
277 183 19
277 184 21
277 205 27
277 242 40
277 278 100
277 285 27
277 287 37
278 1 21
278 4 30
278 64 5
278 94 37
278 102 27
278 140 8
278 164 33
278 166 28
278 193 12
278 203 31
278 212 35
278 279 100
279 26 15
279 38 31
279 41 43
279 53 34
279 67 33
279 69 47
279 80 3
279 93 44
279 96 15
279 97 5
279 103 18
279 111 46
279 122 48
279 131 19
279 179 33
279 195 47
279 201 18
279 202 31
279 203 16
279 208 21
279 212 15
279 226 3
279 230 49
279 280 100
280 20 17
280 76 1
280 121 20
280 192 23
280 281 100
280 287 43
281 8 10
281 18 12
281 20 31
281 32 11
281 75 43
281 81 35
281 85 13
281 88 1
281 89 11
281 114 11
281 123 29
281 157 38
281 194 32
281 233 35
281 246 32
281 262 7
281 271 6
281 282 100
282 31 47
282 32 32
282 42 14
282 60 44
282 71 22
282 100 2
282 114 17
282 139 48
282 160 22
282 166 26
282 177 9
282 207 48
282 222 41
282 227 26
282 283 100
283 33 35
283 61 9
283 62 31
283 74 15
283 77 8
283 85 9
283 98 23
283 110 39
283 136 45
283 143 9
283 152 35
283 153 13
283 154 25
283 163 46
283 164 14
283 173 22
283 211 48
283 222 8
283 235 42
283 251 24
283 259 15
283 281 9
283 284 100
283 298 24
284 37 23
284 39 22
284 58 23
284 65 21
284 87 42
284 179 21
284 211 37
284 217 1
284 223 47
284 272 25
284 274 43
284 276 31
284 285 100
285 5 13
285 13 16
285 102 32
285 117 49
285 169 24
285 180 41
285 181 39
285 208 24
285 257 30
285 269 5
285 286 100
286 3 16
286 12 22
286 83 18
286 86 17
286 93 47
286 100 49
286 108 39
286 110 35
286 113 30
286 118 6
286 122 44
286 148 25
286 151 21
286 153 1
286 189 17
286 218 23
286 255 48
286 281 6
286 287 100
287 21 1
287 34 49
287 37 16
287 102 12
287 147 22
287 175 5
287 194 28
287 203 3
287 214 22
287 216 6
287 230 19
287 283 35
287 288 100
288 2 3
288 30 43
288 43 44
288 127 33
288 139 43
288 146 2
288 217 13
288 288 45
288 289 36
289 18 10
289 22 45
289 25 42
289 56 16
289 63 20
289 64 40
289 95 31
289 100 13
289 108 3
289 115 4
289 132 44
289 135 12
289 137 5
289 145 27
289 148 19
289 159 29
289 166 30
289 179 12
289 203 10
289 235 14
289 237 13
289 249 35
289 290 100
290 15 46
290 27 17
290 49 6
290 80 13
290 100 26
290 102 29
290 107 47
290 139 7
290 146 43
290 171 6
290 175 36
290 200 49
290 213 1
290 221 11
290 228 13
290 260 31
290 285 4
290 291 100
291 0 3
291 10 26
291 13 27
291 31 47
291 125 17
291 141 14
291 166 17
291 182 27
291 183 19
291 194 15
291 236 49
291 241 34
291 259 8
291 261 41
291 273 16
291 292 100
292 41 6
292 83 47
292 94 6
292 118 46
292 143 15
292 167 48
292 174 14
292 182 30
292 293 100
292 297 15
293 116 32
293 203 14
293 216 27
293 218 24
293 228 45
293 259 20
293 288 26
293 294 100
294 1 1
294 4 1
294 10 23
294 17 18
294 27 45
294 34 13
294 36 18
294 68 23
294 90 22
294 109 30
294 128 20
294 170 33
294 202 14
294 213 35
294 214 29
294 220 20
294 231 3
294 236 22
294 288 35
294 291 37
294 295 100
294 299 39
295 11 9
295 33 34
295 41 26
295 55 48
295 79 5
295 100 3
295 109 39
295 119 36
295 142 6
295 151 10
295 152 10
295 176 35
295 180 43
295 204 11
295 221 3
295 232 26
295 244 14
295 262 15
295 293 35
295 294 37
295 296 100
296 41 22
296 47 18
296 51 9
296 73 45
296 74 41
296 92 28
296 95 39
296 148 24
296 155 36
296 159 44
296 161 33
296 207 21
296 231 1
296 233 2
296 257 11
296 263 45
296 274 1
296 280 15
296 286 18
296 297 100
297 33 16
297 58 2
297 79 33
297 90 15
297 123 36
297 133 24
297 143 41
297 194 3
297 204 19
297 206 44
297 239 13
297 246 49
297 248 27
297 251 8
297 255 3
297 262 1
297 283 10
297 298 100
298 2 1
298 5 49
298 6 47
298 16 24
298 41 29
298 68 21
298 74 10
298 120 18
298 128 20
298 139 28
298 166 30
298 176 13
298 187 35
298 193 8
298 202 14
298 224 45
298 226 16
298 255 49
298 266 37
298 290 3
298 291 49
298 295 16
298 299 100
299 5 42
299 14 3
299 27 10
299 30 40
299 40 20
299 60 12
299 69 18
299 115 25
299 130 42
299 142 8
299 157 21
299 162 8
299 223 44
299 229 44
299 254 23
299 256 35
299 259 46
299 265 37
299 266 26
299 269 21
299 284 49
299 291 3
299 293 13
1 0 100
59 0 17
118 0 39
154 0 47
166 0 24
188 0 18
230 0 14
239 0 45
274 0 32
2 1 100
4 1 12
38 1 6
41 1 40
42 1 30
47 1 20
148 1 48
153 1 42
183 1 15
191 1 26
299 1 11
3 2 100
6 2 23
11 2 22
18 2 12
25 2 10
104 2 4
105 2 40
161 2 19
198 2 44
200 2 27
216 2 14
228 2 26
230 2 20
231 2 26
255 2 14
267 2 14
275 2 4
279 2 46
284 2 26
291 2 45
4 3 100
68 3 44
105 3 34
119 3 40
131 3 46
132 3 44
191 3 18
197 3 43
206 3 9
248 3 17
286 3 29
5 4 100
64 4 47
67 4 10
82 4 28
84 4 39
92 4 22
124 4 9
129 4 31
264 4 32
272 4 6
273 4 24
276 4 8
6 5 100
15 5 26
20 5 11
22 5 47
28 5 7
37 5 39
45 5 36
47 5 49
49 5 37
52 5 12
88 5 12
138 5 41
148 5 38
156 5 4
171 5 38
175 5 12
191 5 38
196 5 48
205 5 19
224 5 19
239 5 36
295 5 46
1 6 46
7 6 100
48 6 20
91 6 49
107 6 28
159 6 38
173 6 23
178 6 9
188 6 2
206 6 5
223 6 45
224 6 41
249 6 48
261 6 4
263 6 37
266 6 7
273 6 41
277 6 43
295 6 33
299 6 3
8 7 100
22 7 32
49 7 41
67 7 32
84 7 27
98 7 12
100 7 42
130 7 1
141 7 30
153 7 48
188 7 12
194 7 13
210 7 16
215 7 6
266 7 4
283 7 23
9 8 100
12 8 21
26 8 13
28 8 6
54 8 31
55 8 30
60 8 46
70 8 34
77 8 27
91 8 35
98 8 37
108 8 29
144 8 24
179 8 41
188 8 36
191 8 18
205 8 33
208 8 34
263 8 34
10 9 100
36 9 34
56 9 22
98 9 10
115 9 38
199 9 15
229 9 35
232 9 15
238 9 27
248 9 17
258 9 10
282 9 45
287 9 46
295 9 1
11 10 100
41 10 30
53 10 11
82 10 43
87 10 9
100 10 20
108 10 16
147 10 23
149 10 6
172 10 8
186 10 42
205 10 36
245 10 25
251 10 36
254 10 25
262 10 25
271 10 45
279 10 45
12 11 100
32 11 32
45 11 4
99 11 5
109 11 15
128 11 46
146 11 8
155 11 11
175 11 14
182 11 13
197 11 38
264 11 31
1 12 39
13 12 100
34 12 43
40 12 21
97 12 36
101 12 44
118 12 12
127 12 41
134 12 49
142 12 43
191 12 49
212 12 11
216 12 3
232 12 15
14 13 100
15 13 3
21 13 5
29 13 19
35 13 29
70 13 41
77 13 39
90 13 33
91 13 44
103 13 40
107 13 44
137 13 39
142 13 9
144 13 12
173 13 26
178 13 18
182 13 26
185 13 30
187 13 41
197 13 2
207 13 22
242 13 7
248 13 15
277 13 9
1 14 27
4 14 19
15 14 100
46 14 28
66 14 10
93 14 32
114 14 15
115 14 27
120 14 16
130 14 12
183 14 6
192 14 26
194 14 28
202 14 39
215 14 10
221 14 13
242 14 35
253 14 31
275 14 34
0 15 1
16 15 100
19 15 34
45 15 2
47 15 25
54 15 17
56 15 31
91 15 13
108 15 36
195 15 16
196 15 43
200 15 44
210 15 28
240 15 34
248 15 34
265 15 10
271 15 10
17 16 100
50 16 39
97 16 43
164 16 37
165 16 47
176 16 32
178 16 33
181 16 24
199 16 21
211 16 43
227 16 38
238 16 13
239 16 40
259 16 43
277 16 28
279 16 12
280 16 25
298 16 46
5 17 36
18 17 100
33 17 25
43 17 21
74 17 20
153 17 3
161 17 8
173 17 2
179 17 32
191 17 23
210 17 26
244 17 19
249 17 26
19 18 100
22 18 32
65 18 31
134 18 24
138 18 22
143 18 47
161 18 11
179 18 11
230 18 17
243 18 29
255 18 47
277 18 37
284 18 45
298 18 3
20 19 100
55 19 23
63 19 30
99 19 20
112 19 10
143 19 18
168 19 28
186 19 10
193 19 30
196 19 45
202 19 30
228 19 48
234 19 38
259 19 6
265 19 48
271 19 13
21 20 100
36 20 43
38 20 12
48 20 6
50 20 10
55 20 14
72 20 1
81 20 47
87 20 44
103 20 1
109 20 45
134 20 24
138 20 32
168 20 28
186 20 36
187 20 9
224 20 24
231 20 44
238 20 32
277 20 30
279 20 9
284 20 1
289 20 8
21 21 20
22 21 100
30 21 31
57 21 2
87 21 12
148 21 22
273 21 28
10 22 26
16 22 5
23 22 100
40 22 29
47 22 12
56 22 29
60 22 33
89 22 40
93 22 37
102 22 3
106 22 49
204 22 45
209 22 17
230 22 40
244 22 37
266 22 32
4 23 42
16 23 46
24 23 100
61 23 26
64 23 38
75 23 13
77 23 34
79 23 32
96 23 33
120 23 16
133 23 14
140 23 13
157 23 29
158 23 42
161 23 1
175 23 24
176 23 9
203 23 32
210 23 17
218 23 12
244 23 46
255 23 30
266 23 47
279 23 18
7 24 1
13 24 5
23 24 10
25 24 100
27 24 48
28 24 39
73 24 35
82 24 12
107 24 3
142 24 38
145 24 46
146 24 15
152 24 23
154 24 44
173 24 37
183 24 27
212 24 41
221 24 17
223 24 46
233 24 1
246 24 47
260 24 9
283 24 5
26 25 100
28 25 37
29 25 49
83 25 9
97 25 30
130 25 33
207 25 23
253 25 17
281 25 38
1 26 32
11 26 26
18 26 3
24 26 19
25 26 39
27 26 100
34 26 44
37 26 23
41 26 33
92 26 22
93 26 47
116 26 30
119 26 11
135 26 8
158 26 9
161 26 20
174 26 11
191 26 35
200 26 26
230 26 6
235 26 34
273 26 43
278 26 6
28 27 100
29 27 40
66 27 39
112 27 19
116 27 37
173 27 46
190 27 26
249 27 36
280 27 42
29 28 100
41 28 8
55 28 33
58 28 39
59 28 15
93 28 6
143 28 14
150 28 29
197 28 47
201 28 2
226 28 30
253 28 37
266 28 6
8 29 29
23 29 44
30 29 16
31 29 40
51 29 9
69 29 34
81 29 30
88 29 28
107 29 22
110 29 20
113 29 32
152 29 39
185 29 38
188 29 41
193 29 43
224 29 20
232 29 14
243 29 38
260 29 30
280 29 7
31 30 100
33 30 43
52 30 3
55 30 1
62 30 49
73 30 29
86 30 40
87 30 11
90 30 7
121 30 10
138 30 24
139 30 41
145 30 10
160 30 33
195 30 34
224 30 24
251 30 8
257 30 7
264 30 34
267 30 35
270 30 22
287 30 38
1 31 14
15 31 5
32 31 100
57 31 34
97 31 18
104 31 26
127 31 17
133 31 12
138 31 27
159 31 23
192 31 36
195 31 11
33 32 100
54 32 18
115 32 7
127 32 6
131 32 42
156 32 14
180 32 48
204 32 39
263 32 49
15 33 44
26 33 2
30 33 45
34 33 100
60 33 40
65 33 39
115 33 18
118 33 23
125 33 10
137 33 30
138 33 21
159 33 37
186 33 4
201 33 4
240 33 16
250 33 28
260 33 8
262 33 10
269 33 2
276 33 46
279 33 45
288 33 24
291 33 47
2 34 49
3 34 44
29 34 13
35 34 100
44 34 46
46 34 41
53 34 32
55 34 36
56 34 15
82 34 27
109 34 46
114 34 1
152 34 1
165 34 34
188 34 13
191 34 22
202 34 43
209 34 44
216 34 18
224 34 2
240 34 15
246 34 48
261 34 14
287 34 31
33 35 23
36 35 100
56 35 13
72 35 34
73 35 2
97 35 17
108 35 45
113 35 25
138 35 42
156 35 44
184 35 26
188 35 18
191 35 9
195 35 31
208 35 1
217 35 23
236 35 9
258 35 27
272 35 19
286 35 9
27 36 23
37 36 100
38 36 1
43 36 37
64 36 14
74 36 12
90 36 29
115 36 39
125 36 11
134 36 23
154 36 16
159 36 26
162 36 44
190 36 37
192 36 14
193 36 49
221 36 24
239 36 20
253 36 12
262 36 26
282 36 44
291 36 33
13 37 39
29 37 47
38 37 100
41 37 35
97 37 29
128 37 39
155 37 46
160 37 29
9 38 6
38 38 9
39 38 100
46 38 5
63 38 34
74 38 10
91 38 32
96 38 19
156 38 39
167 38 15
179 38 1
216 38 36
218 38 31
232 38 46
235 38 43
245 38 24
256 38 20
260 38 7
279 38 49
281 38 39
0 39 8
40 39 100
80 39 2
92 39 2
130 39 16
140 39 33
171 39 4
194 39 24
213 39 29
272 39 6
24 40 7
38 40 5
41 40 100
73 40 10
76 40 38
98 40 49
175 40 3
230 40 49
36 41 4
42 41 100
43 41 19
47 41 37
77 41 44
93 41 2
97 41 6
101 41 6
104 41 36
117 41 36
118 41 34
123 41 30
134 41 44
146 41 18
152 41 2
164 41 37
167 41 40
169 41 40
248 41 41
272 41 33
277 41 28
281 41 17
13 42 36
20 42 35
25 42 7
43 42 100
50 42 2
66 42 1
108 42 37
117 42 24
161 42 13
167 42 42
190 42 14
194 42 11
207 42 38
221 42 1
229 42 27
278 42 23
290 42 15
10 43 38
44 43 100
118 43 49
122 43 1
124 43 28
128 43 2
159 43 22
161 43 17
170 43 3
194 43 2
215 43 29
224 43 22
237 43 2
241 43 19
284 43 43
25 44 15
43 44 11
45 44 100
52 44 46
78 44 47
102 44 27
127 44 26
149 44 22
152 44 32
159 44 49
170 44 27
179 44 27
183 44 22
195 44 35
215 44 20
224 44 24
237 44 43
258 44 40
279 44 5
292 44 10
6 45 24
9 45 22
16 45 38
37 45 3
46 45 100
64 45 39
85 45 3
96 45 48
97 45 3
98 45 49
101 45 35
105 45 24
117 45 28
142 45 26
144 45 8
150 45 6
155 45 31
162 45 31
173 45 25
187 45 30
216 45 49
226 45 3
246 45 18
297 45 12
42 46 6
47 46 100
79 46 36
141 46 11
164 46 47
168 46 6
177 46 16
217 46 37
238 46 34
288 46 13
14 47 42
15 47 9
48 47 100
64 47 12
83 47 1
84 47 45
98 47 39
114 47 37
140 47 13
146 47 38
151 47 25
182 47 41
187 47 19
189 47 15
191 47 18
202 47 45
237 47 22
247 47 13
283 47 47
291 47 34
4 48 11
11 48 14
29 48 41
32 48 35
49 48 1
68 48 40
138 48 47
145 48 4
174 48 42
192 48 3
196 48 21
227 48 30
228 48 7
236 48 9
251 48 29
267 48 36
286 48 13
12 49 26
35 49 8
44 49 40
50 49 100
64 49 1
80 49 5
98 49 27
114 49 34
130 49 48
173 49 5
186 49 19
204 49 12
205 49 10
220 49 2
223 49 14
246 49 44
271 49 8
277 49 42
279 49 45
18 50 14
51 50 100
76 50 21
100 50 22
194 50 21
200 50 46
227 50 47
258 50 47
264 50 9
295 50 9
30 51 16
35 51 42
45 51 39
47 51 9
52 51 100
57 51 41
123 51 6
141 51 15
173 51 3
201 51 41
248 51 45
249 51 32
257 51 42
272 51 13
275 51 35
295 51 15
46 52 30
49 52 48
53 52 100
61 52 21
79 52 12
104 52 23
130 52 30
134 52 37
136 52 1
137 52 12
152 52 49
158 52 11
224 52 18
253 52 5
267 52 31
268 52 48
271 52 2
279 52 12
294 52 3
10 53 2
54 53 100
88 53 31
138 53 7
180 53 29
192 53 46
252 53 49
272 53 44
279 53 5
36 54 11
43 54 5
55 54 100
81 54 23
101 54 28
195 54 31
203 54 36
206 54 3
211 54 34
213 54 6
214 54 46
218 54 36
220 54 37
238 54 5
244 54 44
247 54 44
253 54 17
288 54 44
297 54 40
30 55 29
33 55 20
39 55 43
41 55 14
51 55 5
56 55 100
59 55 13
85 55 26
87 55 29
119 55 27
125 55 45
138 55 15
166 55 20
172 55 38
191 55 25
206 55 10
220 55 4
227 55 31
252 55 8
253 55 1
13 56 18
38 56 32
57 56 100
77 56 23
96 56 47
142 56 41
165 56 38
166 56 17
206 56 10
207 56 10
231 56 5
244 56 27
273 56 6
275 56 27
1 57 4
4 57 47
5 57 1
44 57 42
58 57 100
61 57 42
115 57 29
120 57 26
121 57 17
125 57 36
148 57 17
213 57 47
223 57 26
226 57 34
232 57 41
254 57 47
23 58 6
46 58 6
48 58 38
59 58 100
80 58 20
115 58 41
136 58 49
154 58 39
155 58 34
170 58 46
219 58 3
228 58 22
239 58 33
266 58 38
274 58 4
18 59 40
28 59 49
39 59 1
52 59 9
60 59 100
71 59 8
74 59 27
80 59 8
110 59 20
119 59 1
127 59 48
169 59 9
184 59 30
186 59 48
205 59 3
231 59 23
254 59 28
268 59 36
285 59 22
14 60 46
20 60 22
22 60 6
44 60 39
47 60 44
61 60 100
73 60 42
88 60 2
120 60 42
128 60 29
146 60 49
152 60 10
178 60 4
186 60 41
195 60 44
197 60 10
203 60 12
204 60 37
223 60 11
287 60 13
288 60 7
56 61 11
62 61 100
135 61 40
158 61 36
268 61 32
289 61 12
15 62 43
19 62 39
25 62 9
28 62 3
37 62 42
52 62 21
59 62 44
63 62 100
70 62 13
71 62 28
92 62 41
127 62 3
150 62 34
155 62 10
158 62 18
165 62 30
174 62 39
201 62 6
217 62 32
224 62 15
232 62 8
266 62 3
276 62 12
5 63 31
9 63 23
24 63 49
64 63 100
154 63 25
169 63 41
171 63 7
200 63 6
215 63 40
222 63 7
225 63 32
241 63 7
14 64 21
59 64 29
65 64 100
89 64 6
101 64 22
156 64 28
166 64 17
178 64 49
182 64 1
214 64 33
296 64 17
30 65 15
35 65 18
60 65 32
66 65 100
84 65 15
105 65 26
149 65 34
153 65 7
154 65 8
167 65 1
171 65 9
196 65 16
222 65 38
235 65 16
240 65 7
243 65 45
264 65 22
276 65 36
277 65 46
290 65 25
18 66 2
30 66 19
41 66 28
67 66 100
92 66 25
147 66 22
148 66 21
157 66 14
163 66 36
175 66 22
179 66 29
214 66 40
221 66 6
231 66 43
234 66 7
245 66 10
252 66 40
264 66 20
271 66 4
273 66 34
283 66 2
29 67 1
48 67 36
51 67 8
68 67 100
77 67 8
83 67 20
89 67 10
155 67 14
167 67 29
169 67 1
170 67 39
190 67 7
201 67 10
244 67 33
264 67 15
69 68 100
70 68 37
111 68 23
127 68 8
169 68 16
184 68 28
188 68 28
200 68 26
211 68 11
220 68 8
221 68 43
223 68 33
238 68 9
267 68 20
292 68 16
296 68 49
18 69 11
30 69 41
33 69 46
50 69 36
63 69 25
66 69 37
70 69 100
79 69 16
137 69 42
144 69 2
168 69 34
177 69 17
181 69 28
211 69 42
227 69 21
231 69 42
234 69 18
235 69 5
257 69 2
260 69 36
268 69 4
284 69 16
290 69 35
297 69 24
39 70 45
40 70 16
61 70 43
71 70 100
75 70 2
143 70 28
154 70 13
163 70 11
169 70 27
171 70 32
234 70 32
257 70 47
281 70 29
291 70 39
17 71 36
42 71 22
72 71 100
74 71 35
82 71 3
86 71 43
96 71 42
112 71 24
119 71 38
125 71 47
144 71 34
147 71 10
167 71 44
168 71 28
188 71 42
229 71 18
298 71 17
0 72 22
16 72 2
28 72 21
33 72 47
41 72 23
44 72 28
70 72 8
73 72 100
99 72 5
105 72 33
113 72 21
118 72 44
121 72 21
127 72 21
130 72 45
150 72 4
162 72 45
195 72 26
198 72 44
226 72 37
255 72 34
269 72 39
292 72 40
37 73 8
70 73 33
74 73 100
77 73 24
84 73 34
94 73 15
107 73 27
142 73 47
154 73 10
161 73 9
162 73 11
170 73 20
173 73 23
193 73 19
199 73 18
202 73 42
209 73 25
220 73 14
224 73 15
268 73 33
280 73 9
283 73 20
10 74 23
26 74 16
30 74 48
61 74 45
74 74 28
75 74 100
89 74 33
126 74 31
175 74 48
198 74 30
214 74 47
219 74 19
248 74 19
271 74 39
285 74 45
22 75 23
67 75 19
76 75 100
85 75 15
96 75 46
105 75 9
124 75 48
125 75 40
143 75 2
175 75 33
217 75 32
267 75 28
278 75 42
16 76 43
17 76 4
19 76 34
30 76 40
76 76 35
77 76 100
104 76 26
146 76 2
227 76 26
253 76 23
268 76 37
272 76 32
15 77 48
27 77 22
33 77 49
78 77 100
82 77 49
87 77 49
93 77 43
98 77 12
125 77 44
140 77 41
144 77 28
222 77 32
223 77 27
242 77 46
271 77 37
281 77 4
286 77 5
13 78 35
28 78 41
39 78 43
49 78 22
60 78 38
79 78 100
84 78 4
85 78 20
87 78 15
89 78 10
116 78 27
156 78 17
163 78 19
193 78 39
201 78 25
219 78 2
240 78 19
254 78 13
266 78 14
268 78 11
273 78 40
292 78 7
1 79 14
44 79 33
80 79 100
99 79 11
118 79 24
168 79 5
206 79 33
237 79 43
284 79 2
285 79 39
297 79 5
29 80 11
40 80 41
49 80 14
81 80 100
108 80 2
120 80 31
135 80 3
140 80 20
144 80 10
157 80 22
159 80 39
167 80 44
181 80 24
199 80 26
200 80 31
201 80 28
228 80 9
233 80 23
283 80 49
296 80 16
34 81 48
52 81 2
82 81 100
110 81 9
143 81 21
170 81 21
183 81 36
241 81 20
23 82 6
26 82 19
49 82 34
83 82 100
121 82 6
145 82 14
167 82 39
178 82 17
186 82 8
224 82 29
243 82 6
250 82 26
259 82 49
269 82 13
288 82 12
2 83 42
6 83 7
49 83 43
60 83 6
83 83 2
84 83 100
89 83 24
103 83 40
106 83 3
108 83 5
109 83 38
114 83 2
133 83 18
156 83 41
257 83 43
288 83 6
299 83 49
85 84 100
105 84 36
140 84 19
175 84 17
203 84 4
260 84 5
290 84 10
16 85 36
17 85 46
28 85 16
45 85 35
70 85 31
84 85 39
86 85 100
101 85 9
123 85 32
142 85 15
152 85 8
227 85 43
243 85 4
244 85 14
281 85 18
290 85 14
5 86 46
14 86 15
20 86 37
42 86 12
46 86 21
87 86 100
92 86 23
118 86 43
120 86 7
143 86 23
153 86 1
171 86 33
178 86 23
248 86 34
262 86 35
264 86 6
280 86 10
297 86 26
10 87 46
20 87 17
29 87 11
51 87 19
77 87 9
82 87 48
87 87 35
88 87 100
89 87 47
112 87 25
113 87 2
139 87 23
277 87 21
278 87 42
283 87 26
298 87 11
1 88 41
6 88 14
36 88 12
41 88 5
50 88 45
81 88 11
89 88 100
105 88 48
125 88 41
135 88 27
164 88 26
168 88 33
175 88 26
180 88 26
182 88 30
184 88 28
196 88 1
264 88 5
30 89 38
41 89 44
62 89 19
67 89 1
69 89 25
90 89 100
100 89 12
129 89 19
144 89 47
165 89 38
177 89 40
230 89 16
265 89 9
13 90 14
50 90 48
57 90 5
91 90 100
148 90 38
208 90 13
223 90 8
225 90 23
8 91 5
17 91 10
19 91 9
32 91 33
66 91 7
68 91 48
86 91 25
87 91 35
92 91 100
96 91 32
105 91 45
117 91 33
132 91 43
146 91 37
151 91 28
171 91 16
216 91 34
219 91 28
223 91 47
232 91 40
249 91 16
288 91 37
291 91 37
296 91 49
19 92 25
26 92 39
47 92 23
51 92 26
93 92 100
96 92 10
98 92 1
141 92 1
167 92 33
215 92 19
234 92 39
239 92 45
245 92 13
282 92 30
294 92 11
298 92 36
42 93 49
94 93 29
160 93 11
161 93 32
173 93 37
17 94 1
66 94 20
95 94 100
162 94 31
164 94 28
171 94 40
186 94 2
217 94 38
52 95 43
85 95 3
96 95 100
117 95 46
132 95 16
194 95 32
210 95 17
236 95 24
273 95 10
10 96 29
16 96 34
30 96 1
83 96 33
97 96 100
101 96 45
124 96 41
126 96 13
142 96 45
143 96 20
149 96 12
160 96 29
165 96 21
173 96 32
181 96 31
191 96 27
198 96 27
199 96 20
214 96 4
259 96 2
291 96 27
296 96 37
299 96 7
0 97 33
7 97 29
15 97 5
43 97 43
73 97 14
75 97 29
90 97 12
92 97 37
98 97 100
100 97 12
143 97 2
174 97 32
175 97 41
177 97 40
180 97 46
192 97 45
197 97 33
201 97 29
211 97 3
232 97 37
248 97 1
249 97 37
275 97 17
41 98 1
58 98 40
99 98 100
159 98 41
169 98 31
177 98 11
183 98 31
188 98 29
241 98 12
247 98 48
258 98 12
271 98 45
276 98 9
5 99 6
15 99 38
21 99 43
24 99 16
34 99 36
73 99 26
95 99 32
100 99 100
140 99 25
146 99 38
151 99 29
153 99 15
173 99 31
175 99 46
203 99 19
215 99 16
243 99 48
244 99 45
252 99 33
275 99 45
285 99 27
288 99 47
293 99 39
3 100 26
57 100 15
75 100 35
101 100 100
120 100 24
140 100 32
179 100 44
193 100 40
215 100 8
216 100 5
281 100 9
3 101 2
11 101 29
16 101 33
19 101 43
67 101 3
73 101 42
79 101 7
99 101 25
102 101 100
156 101 44
160 101 29
229 101 36
234 101 30
246 101 30
266 101 46
271 101 32
299 101 3
11 102 7
25 102 47
26 102 15
29 102 2
63 102 40
67 102 29
86 102 24
98 102 49
103 102 100
124 102 9
127 102 5
133 102 13
135 102 28
150 102 14
164 102 25
167 102 26
185 102 22
202 102 39
229 102 7
253 102 21
296 102 43
8 103 20
104 103 100
123 103 2
159 103 18
275 103 27
282 103 22
0 104 7
105 104 100
108 104 35
121 104 39
145 104 5
172 104 19
205 104 22
211 104 31
4 105 5
8 105 2
9 105 6
24 105 12
42 105 25
50 105 43
77 105 48
106 105 100
112 105 8
119 105 22
127 105 43
129 105 34
132 105 31
136 105 48
147 105 47
161 105 4
168 105 33
177 105 17
207 105 14
210 105 7
256 105 38
13 106 4
17 106 11
41 106 36
48 106 34
59 106 14
86 106 26
91 106 32
95 106 38
107 106 100
122 106 34
132 106 22
139 106 24
144 106 6
156 106 36
163 106 37
178 106 41
184 106 7
186 106 38
193 106 9
215 106 14
229 106 9
243 106 18
246 106 24
279 106 36
102 107 20
108 107 100
139 107 24
176 107 9
285 107 17
9 108 16
18 108 39
22 108 5
34 108 47
43 108 9
96 108 22
102 108 11
109 108 100
122 108 32
124 108 28
133 108 25
159 108 33
183 108 42
210 108 16
225 108 29
233 108 4
241 108 26
270 108 32
281 108 6
289 108 42
292 108 49
293 108 21
36 109 21
49 109 7
93 109 21
110 109 100
116 109 15
188 109 34
227 109 45
261 109 8
274 109 35
10 110 40
14 110 29
29 110 7
44 110 48
101 110 47
104 110 40
111 110 100
132 110 46
156 110 22
203 110 46
230 110 38
249 110 45
258 110 21
267 110 39
269 110 23
299 110 13
24 111 10
43 111 25
112 111 100
119 111 3
120 111 13
175 111 36
206 111 20
217 111 27
224 111 9
226 111 46
243 111 42
256 111 8
263 111 37
288 111 27
294 111 44
296 111 31
11 112 38
25 112 43
79 112 2
113 112 100
222 112 45
269 112 24
5 113 41
19 113 13
20 113 47
29 113 20
36 113 11
66 113 17
71 113 11
114 113 100
127 113 31
158 113 42
165 113 2
166 113 40
194 113 4
200 113 14
208 113 23
218 113 37
237 113 8
281 113 10
64 114 22
104 114 35
115 114 100
147 114 28
219 114 6
243 114 30
285 114 24
15 115 38
16 115 16
23 115 32
27 115 1
34 115 12
82 115 43
116 115 100
153 115 17
160 115 24
161 115 23
173 115 7
178 115 28
188 115 24
193 115 9
225 115 35
229 115 8
80 116 16
103 116 15
117 116 100
135 116 6
154 116 40
277 116 49
24 117 47
79 117 37
101 117 16
113 117 29
118 117 100
121 117 4
135 117 44
154 117 23
182 117 22
211 117 34
233 117 22
258 117 34
273 117 46
78 118 47
81 118 14
109 118 11
119 118 26
126 118 15
192 118 11
198 118 3
218 118 6
234 118 33
253 118 20
269 118 42
80 119 14
117 119 28
120 119 100
122 119 3
136 119 21
159 119 18
168 119 33
195 119 41
259 119 6
268 119 5
39 120 19
70 120 21
71 120 49
121 120 100
223 120 1
232 120 2
288 120 24
35 121 13
117 121 8
122 121 100
212 121 35
240 121 16
269 121 32
9 122 48
10 122 41
16 122 2
19 122 15
59 122 22
61 122 3
72 122 23
74 122 32
82 122 9
100 122 5
116 122 26
118 122 43
123 122 100
131 122 22
140 122 22
201 122 47
239 122 47
244 122 45
258 122 40
281 122 13
15 123 6
34 123 13
48 123 38
49 123 45
52 123 4
85 123 49
102 123 36
124 123 100
140 123 39
237 123 1
284 123 8
292 123 4
5 124 42
26 124 18
32 124 42
52 124 2
64 124 5
84 124 22
115 124 12
118 124 8
125 124 100
141 124 39
159 124 38
172 124 19
189 124 44
193 124 19
229 124 6
251 124 2
256 124 18
261 124 38
279 124 12
297 124 14
17 125 29
34 125 42
47 125 48
50 125 49
87 125 26
95 125 32
97 125 47
108 125 27
120 125 40
126 125 100
135 125 46
145 125 26
149 125 11
155 125 17
174 125 36
191 125 31
203 125 28
231 125 23
232 125 23
242 125 42
246 125 32
108 126 28
127 126 100
132 126 14
218 126 30
225 126 44
272 126 22
288 126 11
46 127 38
48 127 24
53 127 26
100 127 25
101 127 19
128 127 100
217 127 48
236 127 32
252 127 49
22 128 26
49 128 10
50 128 20
73 128 42
74 128 1
107 128 28
117 128 44
127 128 9
129 128 100
160 128 12
166 128 39
171 128 23
214 128 2
220 128 44
224 128 7
296 128 49
297 128 12
15 129 37
39 129 15
59 129 1
62 129 2
65 129 15
72 129 44
84 129 23
86 129 48
92 129 49
118 129 42
121 129 25
130 129 100
136 129 38
145 129 15
162 129 38
166 129 32
172 129 5
173 129 32
181 129 29
186 129 34
230 129 12
250 129 22
290 129 12
0 130 34
20 130 37
41 130 37
65 130 15
79 130 14
114 130 40
130 130 32
131 130 100
136 130 13
154 130 33
169 130 48
177 130 38
194 130 17
202 130 21
256 130 46
282 130 41
21 131 17
28 131 44
35 131 13
52 131 5
65 131 48
118 131 17
132 131 100
150 131 25
174 131 42
204 131 11
206 131 37
212 131 36
236 131 20
238 131 29
248 131 20
254 131 47
267 131 20
269 131 10
296 131 1
298 131 4
0 132 1
27 132 16
59 132 23
121 132 7
127 132 39
129 132 29
133 132 100
142 132 49
154 132 13
167 132 33
173 132 28
182 132 21
200 132 33
204 132 30
211 132 43
220 132 23
252 132 14
253 132 15
8 133 28
17 133 8
23 133 16
30 133 34
39 133 2
40 133 23
41 133 47
45 133 10
46 133 48
66 133 44
75 133 14
95 133 29
109 133 40
124 133 18
129 133 41
134 133 100
139 133 10
143 133 16
156 133 39
166 133 1
195 133 19
222 133 21
262 133 42
0 134 35
3 134 34
4 134 8
5 134 31
42 134 29
55 134 8
123 134 33
134 134 3
135 134 100
139 134 41
163 134 22
183 134 38
225 134 43
239 134 19
248 134 4
254 134 17
271 134 8
289 134 29
297 134 24
136 135 100
148 135 2
149 135 30
168 135 8
174 135 25
194 135 20
221 135 41
233 135 44
293 135 26
38 136 19
75 136 7
107 136 37
127 136 37
137 136 100
163 136 8
200 136 37
287 136 48
291 136 9
8 137 7
72 137 1
85 137 40
138 137 100
192 137 11
194 137 44
196 137 44
203 137 8
236 137 27
2 138 24
9 138 17
71 138 8
78 138 11
87 138 9
98 138 19
105 138 10
139 138 100
167 138 30
192 138 34
193 138 20
213 138 27
216 138 13
218 138 30
237 138 30
29 139 34
85 139 42
98 139 32
99 139 1
112 139 46
114 139 35
140 139 100
189 139 31
197 139 38
209 139 8
255 139 18
267 139 9
0 140 5
77 140 4
141 140 100
179 140 18
193 140 48
229 140 46
269 140 48
281 140 19
32 141 12
66 141 44
68 141 6
94 141 22
104 141 24
108 141 1
115 141 16
125 141 23
142 141 100
143 141 11
144 141 49
171 141 23
178 141 8
185 141 9
186 141 37
199 141 43
247 141 15
261 141 24
266 141 49
279 141 16
287 141 46
22 142 49
36 142 44
45 142 31
95 142 48
96 142 29
132 142 19
137 142 22
143 142 100
172 142 29
196 142 17
291 142 24
2 143 43
17 143 23
28 143 20
34 143 16
67 143 47
72 143 24
112 143 28
131 143 47
144 143 100
149 143 42
188 143 8
193 143 21
268 143 5
274 143 6
291 143 39
16 144 13
56 144 37
57 144 5
68 144 14
88 144 38
100 144 8
113 144 34
121 144 47
145 144 100
156 144 30
177 144 14
185 144 41
195 144 14
196 144 38
212 144 19
265 144 35
290 144 14
294 144 3
46 145 23
82 145 38
95 145 44
146 145 100
177 145 19
182 145 48
214 145 15
269 145 22
6 146 16
14 146 39
24 146 20
40 146 5
48 146 45
75 146 15
79 146 19
84 146 18
92 146 5
99 146 32
101 146 9
115 146 47
127 146 25
137 146 32
147 146 100
149 146 6
164 146 8
166 146 8
167 146 33
216 146 35
263 146 22
267 146 28
279 146 44
13 147 4
26 147 37
32 147 21
38 147 12
94 147 42
132 147 34
137 147 21
142 147 33
148 147 100
199 147 48
205 147 49
208 147 8
220 147 35
225 147 24
258 147 12
272 147 21
288 147 12
290 147 24
9 148 45
47 148 23
106 148 29
133 148 6
149 148 100
162 148 7
184 148 33
204 148 46
232 148 35
264 148 23
15 149 5
29 149 23
35 149 43
39 149 3
41 149 42
56 149 18
63 149 6
74 149 16
106 149 6
110 149 41
146 149 17
150 149 100
159 149 37
160 149 40
188 149 5
207 149 49
211 149 7
219 149 46
233 149 34
236 149 42
272 149 47
276 149 37
289 149 34
291 149 41
297 149 30
69 150 19
81 150 2
82 150 36
84 150 24
86 150 28
95 150 33
103 150 33
117 150 35
140 150 11
151 150 100
171 150 38
197 150 19
210 150 33
218 150 36
233 150 22
248 150 22
254 150 31
274 150 35
281 150 8
284 150 5
295 150 18
66 151 32
108 151 7
152 151 100
209 151 7
237 151 16
279 151 9
10 152 44
28 152 34
68 152 20
101 152 49
111 152 5
114 152 10
115 152 37
133 152 33
137 152 19
141 152 34
153 152 100
183 152 29
214 152 39
217 152 2
248 152 12
250 152 38
254 152 26
256 152 19
259 152 36
262 152 26
282 152 2
298 152 30
2 153 24
30 153 15
75 153 42
83 153 42
85 153 5
106 153 15
124 153 2
131 153 7
142 153 10
149 153 40
154 153 100
172 153 36
191 153 4
202 153 2
226 153 14
239 153 31
245 153 45
255 153 17
267 153 48
294 153 46
37 154 36
56 154 47
73 154 11
88 154 29
117 154 27
155 154 100
157 154 21
185 154 14
193 154 28
236 154 48
267 154 41
15 155 11
22 155 35
38 155 26
45 155 2
47 155 3
62 155 44
66 155 6
77 155 42
99 155 24
103 155 46
108 155 17
113 155 39
117 155 39
149 155 38
153 155 47
156 155 100
164 155 25
167 155 2
264 155 30
273 155 7
284 155 14
293 155 30
296 155 9
10 156 16
20 156 13
28 156 41
80 156 5
89 156 13
91 156 11
104 156 15
128 156 34
137 156 34
151 156 28
157 156 100
170 156 10
178 156 7
282 156 2
2 157 3
3 157 43
42 157 44
43 157 8
52 157 1
115 157 20
119 157 47
132 157 40
144 157 30
147 157 12
158 157 100
170 157 30
201 157 5
240 157 14
251 157 42
293 157 40
12 158 6
29 158 1
52 158 36
61 158 14
84 158 45
92 158 24
93 158 4
96 158 32
101 158 4
135 158 6
142 158 43
147 158 17
159 158 100
160 158 3
165 158 10
184 158 40
210 158 9
214 158 38
225 158 39
270 158 31
0 159 29
2 159 26
46 159 4
70 159 6
74 159 40
152 159 45
160 159 100
171 159 39
196 159 23
234 159 19
244 159 17
246 159 30
256 159 10
268 159 15
297 159 6
0 160 39
69 160 11
84 160 44
90 160 36
107 160 12
129 160 30
157 160 19
160 160 8
161 160 100
168 160 12
169 160 26
175 160 31
177 160 42
186 160 12
189 160 15
190 160 40
194 160 13
209 160 21
222 160 41
239 160 18
254 160 32
257 160 3
261 160 38
269 160 35
43 161 46
48 161 7
63 161 39
90 161 35
94 161 28
100 161 1
129 161 37
162 161 100
169 161 39
187 161 21
228 161 36
231 161 8
232 161 20
277 161 38
293 161 2
4 162 12
27 162 13
38 162 48
66 162 43
70 162 18
95 162 3
96 162 2
142 162 19
163 162 100
166 162 9
175 162 1
184 162 39
190 162 27
222 162 16
225 162 48
270 162 20
24 163 28
36 163 20
51 163 27
132 163 14
156 163 2
158 163 25
164 163 100
167 163 38
214 163 49
231 163 48
244 163 42
254 163 8
19 164 20
21 164 26
31 164 32
48 164 19
49 164 20
76 164 33
91 164 22
131 164 8
156 164 42
165 164 100
173 164 11
188 164 11
197 164 36
198 164 25
200 164 27
214 164 48
247 164 35
260 164 22
271 164 16
273 164 14
279 164 32
3 165 48
5 165 41
43 165 32
54 165 40
86 165 18
90 165 32
117 165 39
134 165 17
163 165 18
166 165 100
170 165 41
198 165 27
283 165 23
290 165 23
2 166 30
44 166 28
49 166 28
50 166 20
75 166 49
104 166 35
167 166 100
223 166 23
247 166 48
257 166 12
264 166 25
289 166 40
293 166 22
3 167 39
25 167 47
31 167 15
35 167 31
51 167 35
78 167 25
82 167 38
90 167 17
93 167 23
96 167 39
132 167 21
150 167 37
168 167 100
182 167 39
186 167 7
187 167 4
194 167 8
204 167 40
243 167 26
244 167 45
245 167 43
252 167 47
278 167 42
281 167 9
293 167 47
17 168 39
23 168 21
33 168 17
51 168 28
63 168 30
110 168 2
115 168 28
127 168 42
137 168 49
141 168 44
150 168 38
169 168 100
188 168 18
192 168 13
210 168 23
230 168 9
286 168 28
62 169 24
134 169 36
148 169 49
170 169 100
194 169 18
220 169 26
244 169 19
273 169 3
298 169 17
0 170 11
35 170 24
60 170 37
73 170 11
122 170 20
130 170 41
171 170 100
178 170 41
298 170 42
6 171 46
9 171 16
21 171 31
36 171 22
45 171 12
70 171 20
80 171 28
81 171 33
122 171 47
125 171 13
131 171 34
143 171 42
157 171 34
172 171 100
178 171 15
181 171 8
197 171 45
198 171 37
223 171 36
249 171 5
252 171 21
262 171 20
273 171 29
276 171 34
292 171 3
15 172 29
173 172 100
220 172 49
223 172 1
260 172 17
278 172 15
2 173 44
21 173 24
25 173 24
43 173 46
109 173 13
114 173 33
174 173 100
178 173 31
210 173 11
219 173 48
221 173 15
223 173 27
231 173 43
238 173 42
250 173 37
251 173 13
260 173 27
267 173 28
278 173 18
279 173 49
283 173 32
292 173 20
5 174 40
19 174 19
32 174 1
42 174 33
50 174 33
52 174 42
65 174 42
74 174 42
114 174 45
116 174 46
127 174 1
138 174 15
153 174 9
160 174 49
164 174 8
170 174 8
175 174 100
199 174 11
215 174 4
220 174 31
230 174 9
279 174 30
289 174 25
11 175 25
28 175 2
41 175 23
51 175 15
55 175 40
69 175 40
73 175 5
81 175 31
161 175 28
176 175 100
187 175 43
194 175 9
206 175 8
212 175 24
229 175 6
234 175 27
246 175 48
255 175 49
275 175 16
284 175 44
286 175 5
295 175 6
19 176 10
24 176 26
65 176 11
177 176 100
213 176 7
225 176 19
227 176 40
241 176 26
245 176 5
270 176 15
11 177 37
28 177 21
39 177 44
52 177 40
56 177 49
63 177 32
71 177 35
73 177 2
90 177 10
94 177 5
120 177 20
147 177 38
150 177 4
178 177 100
179 177 17
221 177 44
230 177 34
231 177 24
259 177 44
271 177 24
272 177 14
295 177 49
9 178 47
52 178 22
78 178 11
94 178 34
114 178 37
133 178 5
135 178 28
150 178 14
154 178 5
158 178 46
162 178 22
179 178 100
196 178 46
203 178 4
204 178 18
227 178 34
236 178 13
244 178 41
258 178 47
277 178 46
280 178 22
292 178 28
41 179 9
70 179 37
77 179 27
89 179 23
107 179 38
127 179 28
180 179 100
182 179 43
191 179 15
201 179 9
238 179 4
248 179 16
272 179 30
29 180 31
48 180 13
61 180 21
95 180 46
96 180 33
109 180 32
125 180 22
181 180 100
228 180 6
234 180 2
238 180 25
297 180 10
10 181 47
22 181 36
24 181 11
29 181 21
31 181 8
33 181 26
47 181 33
49 181 7
59 181 13
60 181 15
76 181 3
85 181 31
113 181 40
133 181 34
171 181 35
179 181 24
182 181 24
190 181 48
209 181 24
233 181 43
273 181 12
294 181 16
20 182 4
96 182 38
118 182 6
136 182 33
161 182 48
178 182 1
183 182 100
197 182 24
251 182 4
266 182 34
280 182 30
294 182 41
299 182 26
27 183 3
58 183 8
76 183 14
107 183 28
112 183 7
121 183 37
169 183 44
184 183 100
209 183 47
254 183 1
285 183 17
52 184 49
80 184 30
108 184 42
185 184 100
196 184 47
205 184 49
277 184 47
0 185 4
18 185 2
34 185 31
54 185 46
68 185 35
75 185 31
96 185 31
116 185 23
132 185 8
164 185 47
165 185 21
186 185 42
205 185 42
209 185 11
252 185 42
259 185 20
263 185 44
272 185 49
11 186 48
58 186 44
64 186 17
67 186 19
93 186 39
100 186 9
133 186 8
151 186 7
171 186 3
187 186 100
219 186 9
223 186 13
237 186 2
240 186 8
262 186 36
296 186 14
13 187 18
44 187 4
188 187 100
197 187 22
231 187 43
237 187 6
1 188 29
21 188 24
32 188 31
46 188 16
74 188 4
148 188 19
156 188 2
168 188 13
189 188 100
228 188 7
229 188 25
232 188 8
235 188 36
237 188 47
242 188 33
261 188 37
267 188 17
277 188 14
298 188 37
23 189 46
42 189 40
49 189 36
52 189 18
64 189 49
69 189 49
90 189 36
100 189 20
137 189 17
139 189 12
148 189 16
169 189 40
171 189 11
183 189 41
190 189 100
215 189 28
225 189 27
227 189 25
229 189 25
242 189 2
254 189 46
257 189 15
261 189 24
272 189 13
12 190 31
67 190 41
97 190 22
111 190 41
117 190 42
138 190 31
157 190 15
160 190 33
191 190 100
201 190 23
235 190 6
19 191 19
35 191 3
40 191 30
43 191 48
53 191 15
61 191 36
83 191 40
97 191 41
151 191 40
177 191 32
179 191 11
192 191 31
199 191 23
203 191 16
231 191 13
233 191 32
246 191 28
260 191 44
295 191 41
12 192 1
40 192 2
45 192 5
56 192 18
62 192 19
86 192 6
112 192 23
140 192 12
142 192 6
160 192 31
163 192 47
168 192 45
179 192 6
180 192 40
193 192 100
199 192 34
202 192 39
212 192 44
220 192 33
289 192 10
298 192 13
18 193 12
29 193 12
34 193 5
48 193 23
57 193 3
60 193 49
67 193 4
91 193 31
100 193 35
101 193 38
102 193 49
110 193 33
111 193 42
115 193 49
139 193 36
145 193 28
156 193 22
165 193 36
184 193 44
188 193 15
194 193 100
233 193 23
271 193 12
280 193 46
4 194 11
6 194 14
28 194 6
29 194 2
31 194 26
38 194 19
56 194 30
77 194 29
80 194 2
110 194 27
121 194 24
145 194 2
149 194 28
153 194 27
160 194 28
169 194 20
190 194 48
195 194 100
212 194 36
222 194 2
235 194 17
245 194 31
247 194 9
251 194 23
24 195 48
58 195 7
79 195 5
88 195 7
100 195 32
107 195 13
109 195 5
135 195 17
136 195 43
196 195 100
211 195 12
220 195 22
225 195 16
228 195 29
263 195 37
284 195 31
293 195 22
140 196 10
146 196 36
156 196 17
179 196 3
197 196 100
282 196 15
283 196 17
5 197 13
17 197 23
58 197 16
100 197 48
123 197 23
124 197 15
131 197 18
198 197 100
264 197 18
267 197 11
43 198 41
45 198 24
59 198 5
116 198 47
161 198 42
199 198 100
234 198 40
240 198 33
272 198 29
14 199 42
45 199 27
49 199 6
95 199 49
96 199 23
107 199 4
118 199 7
128 199 1
131 199 43
135 199 29
146 199 8
148 199 14
157 199 18
164 199 26
200 199 100
214 199 14
236 199 17
237 199 24
258 199 18
299 199 15
7 200 23
42 200 37
89 200 31
99 200 10
131 200 39
161 200 15
170 200 15
178 200 27
201 200 100
204 200 29
254 200 6
266 200 1
270 200 15
286 200 9
56 201 36
81 201 42
85 201 8
202 201 100
205 201 45
221 201 49
223 201 10
8 202 3
17 202 4
47 202 20
84 202 41
86 202 30
104 202 27
118 202 35
121 202 4
138 202 27
185 202 31
192 202 27
203 202 100
206 202 11
229 202 10
249 202 38
1 203 27
5 203 9
28 203 41
44 203 32
53 203 37
69 203 12
95 203 12
102 203 7
181 203 40
185 203 19
187 203 29
190 203 17
204 203 100
216 203 20
226 203 35
236 203 28
246 203 40
277 203 41
298 203 6
6 204 48
21 204 5
29 204 5
42 204 3
44 204 26
67 204 31
84 204 49
88 204 37
98 204 3
106 204 3
153 204 41
160 204 42
176 204 7
200 204 20
202 204 14
205 204 100
230 204 49
235 204 13
246 204 13
256 204 31
274 204 6
287 204 26
298 204 2
6 205 11
14 205 34
52 205 46
61 205 8
68 205 11
87 205 5
104 205 5
106 205 7
135 205 3
153 205 28
164 205 25
173 205 18
194 205 12
206 205 100
214 205 47
235 205 13
274 205 17
282 205 5
290 205 31
296 205 5
27 206 37
32 206 21
61 206 45
62 206 26
87 206 13
98 206 29
110 206 43
158 206 15
168 206 2
207 206 100
218 206 14
226 206 7
231 206 18
244 206 23
255 206 12
271 206 5
281 206 15
103 207 1
115 207 1
157 207 31
161 207 5
208 207 100
209 207 22
228 207 34
250 207 22
276 207 31
39 208 39
68 208 33
78 208 9
87 208 25
137 208 3
138 208 28
146 208 4
184 208 19
189 208 47
209 208 100
298 208 10
3 209 22
45 209 34
80 209 41
87 209 38
117 209 10
129 209 12
137 209 20
146 209 40
173 209 23
190 209 8
201 209 15
205 209 10
210 209 100
211 209 46
253 209 32
279 209 9
280 209 15
286 209 30
288 209 4
22 210 14
26 210 7
41 210 18
76 210 18
86 210 1
211 210 100
252 210 9
288 210 36
295 210 28
1 211 30
108 211 41
122 211 20
124 211 29
134 211 36
141 211 15
159 211 14
162 211 18
190 211 24
194 211 23
198 211 32
199 211 17
206 211 18
212 211 100
217 211 45
240 211 49
256 211 1
296 211 2
7 212 9
8 212 10
45 212 10
53 212 34
74 212 9
77 212 4
97 212 5
114 212 30
145 212 11
148 212 27
158 212 32
165 212 12
171 212 42
182 212 41
186 212 16
187 212 5
203 212 19
209 212 47
213 212 100
257 212 29
260 212 38
286 212 13
13 213 17
26 213 30
35 213 46
39 213 6
69 213 45
93 213 32
119 213 22
128 213 21
166 213 16
205 213 30
214 213 100
235 213 14
240 213 15
253 213 45
257 213 40
276 213 14
13 214 40
46 214 1
77 214 9
84 214 30
90 214 4
97 214 39
102 214 48
108 214 14
119 214 12
143 214 45
159 214 43
173 214 22
188 214 14
207 214 46
215 214 100
235 214 32
252 214 28
279 214 9
282 214 8
10 215 13
18 215 14
49 215 36
59 215 24
60 215 40
65 215 22
69 215 40
84 215 40
89 215 21
111 215 30
136 215 10
151 215 11
157 215 14
171 215 30
173 215 15
174 215 11
180 215 10
206 215 38
212 215 6
216 215 100
219 215 24
240 215 45
271 215 34
286 215 47
296 215 40
7 216 2
26 216 21
32 216 42
40 216 40
67 216 36
74 216 34
79 216 42
91 216 24
99 216 43
146 216 5
148 216 3
168 216 30
169 216 23
190 216 46
207 216 36
209 216 11
217 216 100
234 216 29
242 216 10
256 216 5
265 216 7
42 217 5
47 217 13
49 217 5
61 217 5
100 217 40
106 217 4
114 217 6
115 217 36
120 217 32
152 217 15
175 217 19
191 217 20
204 217 34
212 217 28
218 217 100
220 217 25
235 217 38
240 217 42
263 217 30
279 217 35
282 217 17
288 217 23
85 218 35
122 218 12
219 218 100
220 218 26
223 218 38
256 218 39
289 218 41
42 219 44
82 219 48
102 219 5
110 219 16
111 219 43
112 219 48
114 219 35
117 219 29
136 219 31
153 219 10
163 219 4
164 219 20
187 219 6
196 219 26
220 219 100
222 219 3
292 219 12
11 220 12
20 220 48
184 220 26
221 220 100
270 220 36
281 220 14
34 221 20
36 221 48
77 221 36
78 221 22
92 221 27
93 221 8
102 221 41
120 221 5
122 221 11
131 221 4
135 221 16
150 221 19
198 221 26
222 221 100
250 221 39
251 221 12
253 221 9
258 221 40
269 221 21
283 221 43
291 221 34
3 222 11
63 222 36
70 222 35
78 222 48
92 222 42
100 222 22
181 222 19
198 222 19
206 222 48
222 222 4
223 222 100
257 222 43
270 222 46
282 222 46
5 223 22
11 223 45
35 223 38
40 223 40
53 223 12
100 223 19
110 223 7
111 223 42
120 223 40
133 223 35
145 223 17
169 223 11
181 223 32
192 223 35
224 223 100
233 223 23
255 223 35
262 223 8
292 223 41
25 224 46
36 224 26
38 224 22
51 224 3
61 224 16
70 224 29
72 224 12
80 224 28
84 224 32
115 224 33
129 224 25
140 224 43
161 224 43
177 224 26
182 224 3
192 224 1
225 224 100
242 224 21
263 224 37
266 224 21
277 224 27
282 224 12
295 224 25
7 225 9
74 225 17
151 225 27
184 225 30
202 225 22
204 225 5
222 225 17
224 225 7
226 225 100
234 225 42
255 225 48
276 225 18
284 225 2
292 225 8
294 225 34
21 226 16
31 226 21
36 226 40
45 226 30
60 226 1
86 226 22
107 226 17
129 226 7
132 226 18
135 226 26
145 226 46
159 226 15
174 226 42
188 226 27
217 226 16
227 226 21
249 226 33
253 226 44
296 226 39
298 226 2
48 227 21
49 227 37
51 227 48
54 227 18
75 227 14
84 227 24
115 227 6
122 227 25
228 227 100
229 227 4
237 227 46
278 227 12
23 228 7
75 228 3
90 228 14
93 228 3
106 228 13
127 228 3
139 228 21
184 228 17
190 228 46
209 228 28
229 228 100
244 228 22
253 228 7
259 228 5
20 229 30
47 229 38
88 229 47
95 229 12
151 229 6
153 229 16
156 229 11
157 229 44
187 229 23
192 229 26
222 229 35
230 229 100
250 229 41
262 229 49
287 229 21
1 230 9
4 230 17
34 230 7
50 230 23
62 230 6
69 230 26
111 230 40
119 230 45
132 230 35
161 230 44
188 230 6
193 230 3
226 230 29
231 230 100
260 230 15
276 230 46
12 231 48
61 231 28
101 231 23
114 231 2
146 231 46
168 231 37
171 231 34
185 231 41
232 231 100
233 231 48
265 231 7
289 231 40
296 231 2
52 232 47
93 232 49
117 232 36
144 232 13
150 232 21
185 232 15
192 232 34
196 232 1
231 232 48
233 232 100
263 232 16
276 232 21
291 232 31
299 232 18
5 233 40
17 233 45
43 233 20
71 233 44
75 233 49
114 233 34
123 233 25
156 233 15
165 233 28
226 233 17
234 233 100
262 233 27
270 233 32
272 233 46
50 234 11
52 234 21
71 234 36
235 234 100
263 234 38
275 234 28
157 235 14
205 235 20
215 235 7
220 235 39
236 235 100
268 235 32
9 236 16
24 236 1
38 236 1
39 236 22
101 236 44
129 236 2
176 236 3
237 236 100
253 236 45
45 237 34
109 237 36
127 237 31
146 237 14
150 237 23
168 237 5
177 237 14
194 237 37
201 237 16
213 237 10
223 237 11
238 237 100
258 237 36
263 237 29
29 238 41
34 238 49
47 238 26
60 238 45
74 238 3
80 238 2
117 238 18
131 238 37
147 238 2
166 238 29
174 238 11
189 238 12
231 238 31
234 238 42
236 238 9
239 238 100
252 238 12
271 238 26
277 238 6
288 238 35
4 239 5
5 239 9
39 239 28
43 239 33
58 239 30
66 239 15
67 239 48
91 239 5
123 239 18
151 239 23
177 239 43
180 239 32
184 239 20
199 239 45
209 239 38
214 239 35
223 239 25
240 239 100
296 239 9
0 240 16
3 240 1
7 240 24
39 240 10
49 240 1
58 240 20
84 240 42
97 240 49
107 240 26
146 240 42
152 240 15
174 240 1
187 240 14
192 240 8
193 240 41
230 240 18
236 240 34
241 240 100
256 240 32
267 240 38
270 240 44
284 240 19
289 240 16
11 241 37
12 241 41
29 241 25
36 241 37
42 241 20
58 241 46
64 241 9
75 241 8
92 241 6
101 241 29
118 241 46
156 241 47
205 241 19
221 241 3
241 241 8
242 241 100
269 241 35
277 241 33
299 241 44
8 242 23
24 242 22
33 242 14
55 242 12
81 242 39
92 242 25
115 242 18
127 242 28
161 242 32
174 242 42
184 242 7
186 242 17
199 242 1
225 242 27
229 242 42
243 242 100
247 242 38
266 242 42
6 243 22
7 243 48
28 243 12
39 243 24
47 243 13
59 243 24
93 243 15
104 243 47
105 243 49
129 243 6
150 243 24
151 243 49
164 243 14
178 243 26
182 243 26
190 243 2
211 243 33
228 243 26
229 243 30
244 243 100
262 243 23
282 243 22
296 243 29
37 244 43
56 244 33
62 244 31
100 244 26
204 244 10
245 244 100
246 244 13
279 244 41
6 245 43
8 245 36
16 245 42
47 245 31
73 245 25
96 245 28
130 245 7
159 245 10
162 245 23
176 245 41
182 245 17
205 245 7
209 245 11
212 245 26
244 245 22
246 245 100
260 245 12
265 245 32
270 245 15
283 245 16
289 245 33
14 246 13
42 246 13
57 246 39
68 246 22
88 246 37
112 246 27
113 246 33
127 246 17
145 246 23
166 246 5
167 246 5
183 246 4
196 246 21
241 246 11
247 246 100
253 246 30
9 247 42
18 247 29
23 247 5
27 247 13
39 247 5
46 247 44
47 247 26
64 247 14
83 247 18
152 247 12
185 247 36
204 247 45
220 247 24
233 247 20
243 247 27
246 247 9
248 247 100
249 247 32
251 247 47
252 247 45
282 247 27
291 247 30
296 247 37
298 247 9
16 248 2
20 248 31
31 248 47
66 248 28
81 248 4
92 248 24
99 248 34
125 248 8
151 248 6
170 248 2
185 248 47
249 248 100
255 248 24
283 248 31
292 248 25
102 249 6
126 249 40
135 249 17
143 249 15
145 249 14
154 249 14
158 249 13
192 249 33
217 249 28
223 249 4
233 249 46
237 249 47
249 249 14
250 249 100
251 249 27
255 249 46
269 249 7
287 249 36
295 249 23
26 250 1
63 250 42
69 250 18
76 250 30
87 250 31
128 250 23
132 250 38
157 250 49
191 250 15
202 250 17
212 250 41
217 250 47
220 250 16
236 250 49
238 250 25
240 250 26
251 250 100
253 250 22
254 250 29
28 251 8
38 251 3
95 251 6
123 251 29
126 251 6
184 251 33
202 251 30
252 251 100
258 251 18
1 252 23
14 252 37
52 252 5
90 252 23
109 252 41
110 252 22
133 252 46
151 252 11
167 252 8
185 252 27
188 252 48
190 252 5
197 252 3
200 252 29
203 252 35
209 252 4
221 252 15
238 252 42
249 252 49
253 252 100
254 252 49
256 252 31
269 252 11
31 253 39
88 253 31
92 253 15
98 253 43
102 253 28
134 253 42
141 253 43
143 253 24
208 253 44
220 253 14
254 253 100
256 253 49
275 253 22
278 253 34
285 253 21
291 253 44
7 254 7
57 254 29
63 254 17
104 254 15
117 254 43
129 254 25
216 254 41
218 254 17
236 254 33
250 254 36
255 254 100
259 254 15
284 254 20
292 254 1
8 255 14
9 255 47
13 255 13
16 255 28
35 255 29
46 255 37
52 255 30
75 255 9
85 255 19
117 255 15
123 255 8
178 255 33
198 255 48
208 255 49
249 255 38
256 255 100
259 255 47
283 255 28
297 255 7
18 256 39
42 256 20
53 256 7
86 256 1
128 256 6
170 256 3
218 256 41
235 256 12
247 256 21
257 256 100
265 256 29
284 256 17
293 256 17
299 256 29
2 257 24
9 257 20
19 257 26
26 257 31
29 257 48
57 257 47
104 257 10
112 257 11
153 257 10
156 257 25
171 257 12
187 257 25
191 257 13
196 257 5
228 257 35
246 257 21
258 257 100
273 257 38
119 258 47
141 258 8
153 258 48
205 258 2
259 258 100
292 258 44
4 259 36
7 259 19
10 259 14
49 259 14
52 259 49
61 259 6
94 259 5
102 259 34
104 259 15
137 259 1
143 259 7
147 259 42
151 259 33
152 259 41
168 259 19
185 259 27
197 259 39
207 259 26
222 259 47
235 259 18
260 259 100
273 259 23
282 259 44
285 259 20
39 260 9
69 260 40
76 260 19
98 260 46
119 260 6
136 260 31
149 260 41
216 260 35
259 260 21
261 260 100
27 261 27
34 261 20
58 261 5
61 261 26
69 261 6
74 261 8
124 261 48
134 261 29
145 261 43
155 261 32
172 261 25
176 261 43
191 261 13
198 261 38
201 261 5
208 261 8
215 261 10
262 261 100
272 261 40
286 261 10
291 261 18
91 262 37
94 262 20
100 262 8
115 262 9
127 262 29
212 262 42
263 262 100
274 262 35
281 262 40
13 263 48
30 263 41
49 263 29
98 263 17
105 263 30
108 263 49
110 263 25
136 263 5
144 263 25
149 263 18
154 263 9
203 263 23
204 263 31
225 263 21
239 263 8
248 263 24
259 263 25
264 263 100
266 263 41
8 264 45
18 264 11
47 264 23
50 264 7
65 264 41
95 264 47
105 264 7
128 264 26
136 264 30
186 264 7
189 264 27
191 264 26
205 264 40
261 264 41
265 264 100
41 265 2
64 265 25
114 265 29
133 265 37
266 265 100
287 265 11
50 266 10
63 266 42
85 266 27
109 266 17
141 266 30
143 266 17
170 266 20
171 266 24
202 266 27
207 266 3
215 266 34
220 266 28
230 266 39
259 266 5
265 266 18
267 266 100
275 266 11
295 266 25
19 267 39
29 267 31
92 267 36
172 267 10
203 267 23
211 267 18
268 267 100
26 268 27
96 268 44
121 268 6
191 268 15
247 268 24
269 268 100
271 268 16
42 269 35
61 269 22
84 269 3
94 269 38
100 269 5
104 269 13
111 269 21
112 269 26
116 269 3
125 269 31
186 269 33
197 269 46
212 269 29
223 269 42
229 269 44
234 269 40
247 269 39
260 269 35
262 269 47
270 269 100
291 269 44
297 269 26
2 270 35
11 270 28
55 270 32
66 270 25
73 270 22
102 270 35
103 270 24
124 270 6
136 270 2
145 270 7
167 270 43
197 270 29
271 270 100
275 270 3
276 270 26
281 270 35
98 271 19
123 271 17
200 271 14
228 271 24
244 271 44
272 271 100
5 272 28
81 272 48
99 272 45
178 272 36
191 272 37
206 272 7
237 272 47
273 272 100
3 273 18
4 273 18
8 273 7
23 273 46
64 273 26
67 273 21
68 273 17
110 273 28
122 273 4
137 273 18
138 273 42
154 273 12
159 273 8
174 273 13
176 273 44
185 273 41
186 273 10
201 273 5
206 273 22
213 273 7
238 273 22
274 273 100
281 273 6
296 273 19
17 274 34
29 274 1
67 274 2
70 274 31
104 274 35
113 274 14
145 274 6
177 274 13
191 274 47
275 274 100
39 275 25
41 275 38
109 275 27
168 275 25
239 275 45
242 275 8
245 275 13
246 275 47
264 275 29
276 275 100
6 276 8
10 276 17
11 276 33
16 276 27
21 276 46
63 276 14
133 276 42
139 276 11
162 276 17
180 276 29
211 276 44
218 276 10
249 276 31
253 276 30
277 276 100
5 277 47
13 277 33
30 277 38
51 277 4
60 277 30
76 277 10
77 277 31
89 277 15
95 277 43
96 277 30
101 277 30
102 277 29
117 277 3
135 277 17
168 277 3
177 277 49
183 277 19
184 277 21
205 277 27
242 277 40
278 277 100
285 277 27
287 277 37
1 278 21
4 278 30
64 278 5
94 278 37
102 278 27
140 278 8
164 278 33
166 278 28
193 278 12
203 278 31
212 278 35
279 278 100
26 279 15
38 279 31
41 279 43
53 279 34
67 279 33
69 279 47
80 279 3
93 279 44
96 279 15
97 279 5
103 279 18
111 279 46
122 279 48
131 279 19
179 279 33
195 279 47
201 279 18
202 279 31
203 279 16
208 279 21
212 279 15
226 279 3
230 279 49
280 279 100
20 280 17
76 280 1
121 280 20
192 280 23
281 280 100
287 280 43
8 281 10
18 281 12
20 281 31
32 281 11
75 281 43
81 281 35
85 281 13
88 281 1
89 281 11
114 281 11
123 281 29
157 281 38
194 281 32
233 281 35
246 281 32
262 281 7
271 281 6
282 281 100
31 282 47
32 282 32
42 282 14
60 282 44
71 282 22
100 282 2
114 282 17
139 282 48
160 282 22
166 282 26
177 282 9
207 282 48
222 282 41
227 282 26
283 282 100
33 283 35
61 283 9
62 283 31
74 283 15
77 283 8
85 283 9
98 283 23
110 283 39
136 283 45
143 283 9
152 283 35
153 283 13
154 283 25
163 283 46
164 283 14
173 283 22
211 283 48
222 283 8
235 283 42
251 283 24
259 283 15
281 283 9
284 283 100
298 283 24
37 284 23
39 284 22
58 284 23
65 284 21
87 284 42
179 284 21
211 284 37
217 284 1
223 284 47
272 284 25
274 284 43
276 284 31
285 284 100
5 285 13
13 285 16
102 285 32
117 285 49
169 285 24
180 285 41
181 285 39
208 285 24
257 285 30
269 285 5
286 285 100
3 286 16
12 286 22
83 286 18
86 286 17
93 286 47
100 286 49
108 286 39
110 286 35
113 286 30
118 286 6
122 286 44
148 286 25
151 286 21
153 286 1
189 286 17
218 286 23
255 286 48
281 286 6
287 286 100
21 287 1
34 287 49
37 287 16
102 287 12
147 287 22
175 287 5
194 287 28
203 287 3
214 287 22
216 287 6
230 287 19
283 287 35
288 287 100
2 288 3
30 288 43
43 288 44
127 288 33
139 288 43
146 288 2
217 288 13
288 288 45
289 288 36
18 289 10
22 289 45
25 289 42
56 289 16
63 289 20
64 289 40
95 289 31
100 289 13
108 289 3
115 289 4
132 289 44
135 289 12
137 289 5
145 289 27
148 289 19
159 289 29
166 289 30
179 289 12
203 289 10
235 289 14
237 289 13
249 289 35
290 289 100
15 290 46
27 290 17
49 290 6
80 290 13
100 290 26
102 290 29
107 290 47
139 290 7
146 290 43
171 290 6
175 290 36
200 290 49
213 290 1
221 290 11
228 290 13
260 290 31
285 290 4
291 290 100
0 291 3
10 291 26
13 291 27
31 291 47
125 291 17
141 291 14
166 291 17
182 291 27
183 291 19
194 291 15
236 291 49
241 291 34
259 291 8
261 291 41
273 291 16
292 291 100
41 292 6
83 292 47
94 292 6
118 292 46
143 292 15
167 292 48
174 292 14
182 292 30
293 292 100
297 292 15
116 293 32
203 293 14
216 293 27
218 293 24
228 293 45
259 293 20
288 293 26
294 293 100
1 294 1
4 294 1
10 294 23
17 294 18
27 294 45
34 294 13
36 294 18
68 294 23
90 294 22
109 294 30
128 294 20
170 294 33
202 294 14
213 294 35
214 294 29
220 294 20
231 294 3
236 294 22
288 294 35
291 294 37
295 294 100
299 294 39
11 295 9
33 295 34
41 295 26
55 295 48
79 295 5
100 295 3
109 295 39
119 295 36
142 295 6
151 295 10
152 295 10
176 295 35
180 295 43
204 295 11
221 295 3
232 295 26
244 295 14
262 295 15
293 295 35
294 295 37
296 295 100
41 296 22
47 296 18
51 296 9
73 296 45
74 296 41
92 296 28
95 296 39
148 296 24
155 296 36
159 296 44
161 296 33
207 296 21
231 296 1
233 296 2
257 296 11
263 296 45
274 296 1
280 296 15
286 296 18
297 296 100
33 297 16
58 297 2
79 297 33
90 297 15
123 297 36
133 297 24
143 297 41
194 297 3
204 297 19
206 297 44
239 297 13
246 297 49
248 297 27
251 297 8
255 297 3
262 297 1
283 297 10
298 297 100
2 298 1
5 298 49
6 298 47
16 298 24
41 298 29
68 298 21
74 298 10
120 298 18
128 298 20
139 298 28
166 298 30
176 298 13
187 298 35
193 298 8
202 298 14
224 298 45
226 298 16
255 298 49
266 298 37
290 298 3
291 298 49
295 298 16
299 298 100
5 299 42
14 299 3
27 299 10
30 299 40
40 299 20
60 299 12
69 299 18
115 299 25
130 299 42
142 299 8
157 299 21
162 299 8
223 299 44
229 299 44
254 299 23
256 299 35
259 299 46
265 299 37
266 299 26
269 299 21
284 299 49
291 299 3
293 299 13
